EventNumber DecayParticle1_Name DecayParticle1_isBoson DecayParticle1_mass DecayParticle1_px DecayParticle1_py DecayParticle1_pz DecayParticle1_E DecayParticle1_pt DecayParticle2_Name DecayParticle2_isBoson DecayParticle2_mass DecayParticle2_px DecayParticle2_py DecayParticle2_pz DecayParticle2_E DecayParticle2_pt
0 Tau_lepton 0 1.77 -16.2 -5.005 -4.477 016.9555 Tau_lepton 0 1.77 -16.2 -33.495 -7.623 037.2069
1 b_quark 0 4.18 1.643 -1.345 -2.394 02.12332 b_quark 0 4.18 1.457 -25.555 -3.306 025.5965
2 b_quark 0 4.18 -8.18 -13.068 21.816 015.417 b_quark 0 4.18 -32.72 -16.632 38.784 036.7045
3 b_quark 0 4.18 24.2 1.824 4.296 024.2686 b_quark 0 4.18 30.8 1.976 49.404 030.8633
4 b_quark 0 4.18 1.221 -4.368 37.023 04.53545 b_quark 0 4.18 39.479 -3.432 53.277 039.6279
5 b_quark 0 4.18 28.8 0.091 -56.031 028.8001 b_quark 0 4.18 51.2 1.209 -42.269 051.2143
6 W_boson 1 80.38 0.438 12.327 44.992 012.3348 W_boson 1 80.38 14.162 46.373 14.208 048.4873
7 b_quark 0 4.18 -1.568 -17.072 52.48 017.1439 b_quark 0 4.18 -9.632 -60.528 29.52 061.2896
8 b_quark 0 4.18 -6.16 14.115 -2.45 015.4006 b_quark 0 4.18 -1.54 79.985 -46.55 079.9998
9 b_quark 0 4.18 7.222 12.384 -3.185 014.336 b_quark 0 4.18 24.178 4.816 -60.515 024.653
10 b_quark 0 4.18 0.062 -37.375 -28.696 037.3751 b_quark 0 4.18 6.138 -20.125 -55.704 021.0402
11 W_boson 1 80.38 17.879 -0.614 -20.382 017.8895 W_boson 1 80.38 76.221 -30.086 -5.418 081.9439
12 b_quark 0 4.18 31.03 -10.632 -15.192 032.8009 b_quark 0 4.18 22.47 -33.668 -69.208 040.4776
13 W_boson 1 80.38 -0.346 -29.733 -3.243 029.735 W_boson 1 80.38 -16.954 -28.567 -3.657 033.2191
14 b_quark 0 4.18 -14.652 -8.76 8.68 017.071 b_quark 0 4.18 -7.548 -27.74 78.12 028.7486
15 b_quark 0 4.18 -64.44 0.8 3.267 064.445 b_quark 0 4.18 -7.16 79.2 33.033 079.523
16 b_quark 0 4.18 8.008 12.576 -0 014.9092 b_quark 0 4.18 7.392 13.624 -95.4 015.5002
17 b_quark 0 4.18 -24.786 3.954 -43.68 025.0994 b_quark 0 4.18 -48.114 61.946 -29.12 078.4364
18 b_quark 0 4.18 13.792 -34.368 -29.376 037.0321 b_quark 0 4.18 72.408 -37.232 -52.224 081.4195
19 b_quark 0 4.18 12.129 -42 -7.072 043.7163 b_quark 0 4.18 81.171 -18 -34.528 083.1428
20 W_boson 1 80.38 -17.358 -15.33 1.573 023.1583 W_boson 1 80.38 -8.942 -57.67 10.527 058.3591
21 b_quark 0 4.18 22.246 -13.148 22.592 025.8409 b_quark 0 4.18 23.154 -56.052 48.008 060.646
22 b_quark 0 4.18 16.475 -4.455 9.76 017.0667 b_quark 0 4.18 49.425 -3.645 39.04 049.5592
23 W_boson 1 80.38 -25.792 -27.15 1.832 037.448 W_boson 1 80.38 -15.808 -63.35 21.068 065.2925
24 b_quark 0 4.18 5.152 1.855 42.395 05.47578 b_quark 0 4.18 10.948 24.645 27.105 026.9673
25 b_quark 0 4.18 4.623 -0.936 26.628 04.7168 b_quark 0 4.18 2.077 -30.264 68.472 030.3352
26 W_boson 1 80.38 1.275 -9.45 21.889 09.53562 W_boson 1 80.38 6.225 -22.05 19.411 022.9119
27 W_boson 1 80.38 0.78 -10.491 19.458 010.52 W_boson 1 80.38 4.42 -16.409 22.842 016.9939
28 b_quark 0 4.18 54.752 -35.547 -0 065.2792 b_quark 0 4.18 38.048 -51.153 -80.5 063.7517
29 b_quark 0 4.18 -5.671 -0.7 22.407 05.71404 b_quark 0 4.18 -5.029 -4.3 45.493 06.61671
30 W_boson 1 80.38 -13.34 -15.136 -7.502 020.1756 W_boson 1 80.38 -15.66 -20.064 -60.698 025.4519
31 b_quark 0 4.18 -14.256 -3.838 -20.286 014.7636 b_quark 0 4.18 -64.944 -16.362 -11.914 066.9734
32 b_quark 0 4.18 -62.125 10.34 -0.684 062.9796 b_quark 0 4.18 -25.375 41.36 -6.916 048.5236
33 W_boson 1 80.38 27.258 -4.16 1.274 027.5736 W_boson 1 80.38 37.642 -8.84 3.626 038.6661
34 b_quark 0 4.18 -69.006 5.635 -0 069.2357 b_quark 0 4.18 -5.194 74.865 -77 075.045
35 W_boson 1 80.38 43.659 0.546 -11.88 043.6624 W_boson 1 80.38 13.041 54.054 -42.12 055.6049
36 b_quark 0 4.18 -39.382 1.812 -0.648 039.4237 b_quark 0 4.18 -28.518 28.388 -1.152 040.2387
37 b_quark 0 4.18 10.808 12.325 -0.703 016.3926 b_quark 0 4.18 8.492 36.975 -2.997 037.9376
38 b_quark 0 4.18 -13.088 38.659 -0.225 040.8144 b_quark 0 4.18 -27.812 19.041 -22.275 033.7056
39 b_quark 0 4.18 -7.268 -1.302 2.465 07.3837 b_quark 0 4.18 -0.632 -42.098 46.835 042.1027
40 W_boson 1 80.38 -0.9 -8.766 -38.931 08.81208 W_boson 1 80.38 -2.7 -39.934 -29.369 040.0252
41 b_quark 0 4.18 -13.286 24.24 -13.248 027.6423 b_quark 0 4.18 -81.614 36.36 -15.552 089.347
42 b_quark 0 4.18 10.614 40.8 -19.72 042.158 b_quark 0 4.18 25.986 39.2 -78.88 047.031
43 b_quark 0 4.18 -39.066 -0.686 18.165 039.072 b_quark 0 4.18 -37.534 -4.214 33.735 037.7698
44 b_quark 0 4.18 12.243 46.893 28.5 048.4649 b_quark 0 4.18 46.057 48.807 66.5 067.1072
45 Tau_lepton 0 1.77 78.771 -0.082 4.265 078.771 Tau_lepton 0 1.77 5.929 -4.018 81.035 07.16222
46 W_boson 1 80.38 -46.201 14.168 1.674 048.3246 W_boson 1 80.38 -52.099 18.032 16.926 055.1313
47 b_quark 0 4.18 22.088 -4.323 -0.966 022.5071 b_quark 0 4.18 3.012 -34.977 -95.634 035.1064
48 b_quark 0 4.18 13.728 -7.56 20.54 015.672 b_quark 0 4.18 7.072 -86.94 58.46 087.2272
49 b_quark 0 4.18 -0.448 8.372 5.336 08.38398 b_quark 0 4.18 -44.352 0.828 61.364 044.3597
50 b_quark 0 4.18 36.163 -4.5 -4.56 036.4419 b_quark 0 4.18 47.937 -5.5 -33.44 048.2515
51 b_quark 0 4.18 44.454 9.975 12.445 045.5594 b_quark 0 4.18 27.246 42.525 53.055 050.5047
52 W_boson 1 80.38 8.004 -13.398 18.92 015.6067 W_boson 1 80.38 5.796 -47.502 75.68 047.8543
53 b_quark 0 4.18 -7.098 18.48 10.287 019.7963 b_quark 0 4.18 -47.502 12.32 27.813 049.0736
54 W_boson 1 80.38 43.884 -12.803 -13.248 045.7135 W_boson 1 80.38 51.516 -28.497 -44.352 058.8726
55 b_quark 0 4.18 39.875 11.438 -19.282 041.4831 b_quark 0 4.18 32.625 70.262 -42.918 077.467
56 b_quark 0 4.18 -11.628 -20.424 -28.864 023.5021 b_quark 0 4.18 -20.672 -68.376 -41.536 071.4325
57 W_boson 1 80.38 10.944 -5.656 31.502 012.3192 W_boson 1 80.38 11.856 -34.744 51.398 036.7112
58 b_quark 0 4.18 -3.654 1.98 4.522 04.15597 b_quark 0 4.18 -2.146 9.02 19.278 09.27177
59 Z_boson 1 91.18 37.335 -23.403 -9.758 044.0636 Z_boson 1 91.18 28.165 -57.297 -59.942 063.8452
60 b_quark 0 4.18 16 31.424 -24.024 035.2628 b_quark 0 4.18 84 66.776 -22.176 0107.308
61 b_quark 0 4.18 14.85 0.447 0 014.8567 b_quark 0 4.18 0.15 44.253 4.6 044.2533
62 b_quark 0 4.18 -10.556 7.144 0.544 012.7462 b_quark 0 4.18 -1.044 82.156 53.856 082.1626
63 Z_boson 1 91.18 -12.53 -17.536 10.23 021.5525 Z_boson 1 91.18 -23.27 -37.264 20.77 043.9329
64 b_quark 0 4.18 1.192 -7.62 28.234 07.71267 b_quark 0 4.18 58.408 -5.08 46.066 058.6285
65 Tau_lepton 0 1.77 -27.667 -10.08 -7.501 029.446 Tau_lepton 0 1.77 -10.233 -61.92 -50.199 062.7599
66 b_quark 0 4.18 -37.187 -29.96 9.975 047.7543 b_quark 0 4.18 -53.513 -44.94 42.525 069.8802
67 Tau_lepton 0 1.77 -12.22 15.444 26.24 019.6938 Tau_lepton 0 1.77 -34.78 31.356 37.76 046.8278
68 W_boson 1 80.38 10.72 0.801 18.09 010.7499 W_boson 1 80.38 5.28 25.899 42.21 026.4317
69 b_quark 0 4.18 -87.398 0.93 -2.526 087.4029 b_quark 0 4.18 -10.802 17.67 -39.574 020.7102
70 b_quark 0 4.18 -39.85 -5.712 -10.872 040.2573 b_quark 0 4.18 -39.85 -35.088 -19.328 053.096
71 b_quark 0 4.18 -11.76 -1.076 -3.528 011.8091 b_quark 0 4.18 -17.64 -25.824 -2.772 031.2738
72 b_quark 0 4.18 93.005 2.19 -0.906 093.0308 b_quark 0 4.18 4.895 70.81 -44.394 070.979
73 W_boson 1 80.38 12.508 13.431 -0.952 018.3533 W_boson 1 80.38 8.692 27.269 -10.948 028.6208
74 b_quark 0 4.18 -29.28 -2.847 -23.4 029.4181 b_quark 0 4.18 -18.72 -19.053 -66.6 026.7106
75 Tau_lepton 0 1.77 85.44 3.16 -2.016 085.4984 Tau_lepton 0 1.77 10.56 60.04 -31.584 060.9616
76 W_boson 1 80.38 -5.247 1.704 -43.515 05.51676 W_boson 1 80.38 -4.653 83.496 -53.185 083.6255
77 b_quark 0 4.18 26.64 -9.92 -2.886 028.427 b_quark 0 4.18 9.36 -39.68 -45.214 040.769
78 W_boson 1 80.38 76.235 -9.36 0.531 076.8075 W_boson 1 80.38 20.265 -68.64 5.369 071.569
79 b_quark 0 4.18 6.974 -28.509 -10.746 029.3496 b_quark 0 4.18 24.726 -27.391 -29.054 036.9004
80 b_quark 0 4.18 17.604 50.976 -8.95 053.9301 b_quark 0 4.18 31.296 43.424 -80.55 053.5265
81 b_quark 0 4.18 8.99 -41.004 2.346 041.9779 b_quark 0 4.18 80.91 -20.196 7.854 083.3925
82 W_boson 1 80.38 32.224 -3.88 -18.275 032.4567 W_boson 1 80.38 28.576 -93.12 -24.225 097.406
83 b_quark 0 4.18 14.82 -4.452 48.24 015.4743 b_quark 0 4.18 63.18 -16.748 32.16 065.3621
84 b_quark 0 4.18 7.931 2.358 -6.664 08.27411 b_quark 0 4.18 2.369 36.942 -32.536 037.0179
85 b_quark 0 4.18 -41.1 -10.836 -3.712 042.5045 b_quark 0 4.18 -41.1 -14.964 -42.688 043.7394
86 b_quark 0 4.18 18.582 -66.652 -2.935 069.1938 b_quark 0 4.18 79.218 -21.048 -55.765 081.9665
87 b_quark 0 4.18 1.208 -25.004 35.648 025.0332 b_quark 0 4.18 13.892 -64.296 20.052 065.7797
88 b_quark 0 4.18 5.58 -2.277 36.049 06.0267 b_quark 0 4.18 25.42 -7.623 25.051 026.5384
89 b_quark 0 4.18 2.529 7.15 5.346 07.58408 b_quark 0 4.18 25.571 21.45 2.754 033.3763
90 b_quark 0 4.18 -6 5.508 0.847 08.14482 b_quark 0 4.18 -1.5 55.692 6.853 055.7122
91 b_quark 0 4.18 56.73 -0.684 16.188 056.7341 b_quark 0 4.18 36.27 -67.716 26.412 076.8178
92 b_quark 0 4.18 -34.45 -0.21 -15.225 034.4506 b_quark 0 4.18 -34.45 -0.79 -37.275 034.4591
93 b_quark 0 4.18 6.432 -1.596 -24.647 06.62705 b_quark 0 4.18 6.968 -51.604 -25.653 052.0723
94 b_quark 0 4.18 -7.192 7.5 30.912 010.3911 b_quark 0 4.18 -5.208 67.5 65.688 067.7006
95 b_quark 0 4.18 -48.212 0.128 7.28 048.2122 b_quark 0 4.18 -22.688 0.672 38.22 022.6979
96 Z_boson 1 91.18 -20.46 9.405 -2.24 022.5181 Z_boson 1 91.18 -12.54 19.095 -42.56 022.8445
97 b_quark 0 4.18 -8.055 -3.15 25.594 08.64902 b_quark 0 4.18 -45.645 -14.35 12.606 047.8476
98 b_quark 0 4.18 -19.065 1.57 0.441 019.1295 b_quark 0 4.18 -27.435 14.13 0.459 030.8599
99 Tau_lepton 0 1.77 20.677 7.735 8.172 022.0764 Tau_lepton 0 1.77 50.623 14.365 14.528 052.6217
100 b_quark 0 4.18 36.991 26.477 -0 045.4903 b_quark 0 4.18 15.109 64.823 -24 066.5605
101 b_quark 0 4.18 15.264 -1.968 13.52 015.3903 b_quark 0 4.18 5.936 -14.432 70.98 015.6051
102 b_quark 0 4.18 -75.96 0.839 5.643 075.9646 b_quark 0 4.18 -8.44 83.061 57.057 083.4887
103 W_boson 1 80.38 -2.065 -26.466 -1.552 026.5464 W_boson 1 80.38 -1.435 -53.734 -17.848 053.7532
104 b_quark 0 4.18 54.595 3.096 -5.735 054.6827 b_quark 0 4.18 34.905 35.604 -12.765 049.8598
105 W_boson 1 80.38 29.574 0.472 -1.248 029.5778 W_boson 1 80.38 2.226 46.728 -19.552 046.781
106 b_quark 0 4.18 -34.485 -3.588 0.795 034.6712 b_quark 0 4.18 -1.815 -86.112 78.705 086.1311
107 b_quark 0 4.18 11.603 -31.388 0 033.464 b_quark 0 4.18 16.697 -21.812 0.9 027.4691
108 W_boson 1 80.38 0.168 3.32 -4.568 03.32425 W_boson 1 80.38 0.032 38.18 -52.532 038.18
109 Tau_lepton 0 1.77 18.894 -18.282 28.923 026.291 Tau_lepton 0 1.77 21.306 -64.818 64.377 068.2299
110 Tau_lepton 0 1.77 51.3 0.053 1.424 051.3 Tau_lepton 0 1.77 2.7 5.247 34.176 05.90093
111 b_quark 0 4.18 25.317 -3.46 -1.95 025.5523 b_quark 0 4.18 3.783 -31.14 -63.05 031.3689
112 b_quark 0 4.18 -64.728 1.836 -2.191 064.754 b_quark 0 4.18 -9.672 28.764 -29.109 030.3466
113 b_quark 0 4.18 13.146 -13.455 -0.355 018.811 b_quark 0 4.18 80.754 -76.245 -0.145 0111.061
114 b_quark 0 4.18 -1.376 -59.274 8.83 059.29 b_quark 0 4.18 -7.224 -20.826 79.47 022.0433
115 b_quark 0 4.18 -6.994 -4.082 5.424 08.09807 b_quark 0 4.18 -19.906 -11.618 5.876 023.0484
116 b_quark 0 4.18 -52.535 -1.729 1.57 052.5634 b_quark 0 4.18 -13.965 -7.371 76.93 015.7909
117 Tau_lepton 0 1.77 -6.935 1.507 1.808 07.09685 Tau_lepton 0 1.77 -2.565 12.193 9.492 012.4599
118 b_quark 0 4.18 30.8 -10.152 -0.717 032.43 b_quark 0 4.18 30.8 -11.448 -23.183 032.8587
119 b_quark 0 4.18 -4.446 -14.21 39.416 014.8893 b_quark 0 4.18 -18.954 -34.79 36.384 039.6182
120 b_quark 0 4.18 -6.984 -13.104 43.392 014.8489 b_quark 0 4.18 -22.116 -33.696 47.008 040.3056
121 b_quark 0 4.18 13.86 -1.8 -3.175 013.9764 b_quark 0 4.18 25.74 -2.7 -9.525 025.8812
122 b_quark 0 4.18 32.832 -0.03 -2.289 032.832 b_quark 0 4.18 10.368 -0.97 -8.611 010.4133
123 b_quark 0 4.18 -19.68 2.64 -0.468 019.8563 b_quark 0 4.18 -4.32 50.16 -3.132 050.3457
124 b_quark 0 4.18 48.546 3.164 1.539 048.649 b_quark 0 4.18 3.654 75.936 49.761 076.0239
125 W_boson 1 80.38 -14.52 14.825 -37.736 020.7512 W_boson 1 80.38 -51.48 44.475 -33.464 068.031
126 b_quark 0 4.18 -79.2 0 -0 079.2 b_quark 0 4.18 0 25.5 -69.4 025.5
127 b_quark 0 4.18 -58.464 -0.492 -0.69 058.4661 b_quark 0 4.18 -2.436 -15.908 -68.31 016.0934
128 b_quark 0 4.18 23.147 8.163 -5.988 024.5442 b_quark 0 4.18 6.153 82.537 -43.912 082.766
129 W_boson 1 80.38 83.655 0.873 0 083.6596 W_boson 1 80.38 0.845 86.427 98.8 086.4311
130 b_quark 0 4.18 -23.569 6.532 -4.75 024.4574 b_quark 0 4.18 -24.531 7.668 -90.25 025.7015
131 b_quark 0 4.18 31.072 -0.219 26.063 031.0728 b_quark 0 4.18 66.028 -21.681 12.837 069.4965
132 b_quark 0 4.18 -0.99 0.48 -0 01.10023 b_quark 0 4.18 -0.01 47.52 -80.8 047.52
133 b_quark 0 4.18 2.772 -10.504 -5.856 010.8636 b_quark 0 4.18 1.428 -29.896 -67.344 029.9301
134 b_quark 0 4.18 -11.508 11.004 16.835 015.9224 b_quark 0 4.18 -43.292 15.196 28.665 045.8815
135 b_quark 0 4.18 -60.279 18.081 -4.6 062.9323 b_quark 0 4.18 -24.621 68.019 -52.9 072.3379
136 b_quark 0 4.18 10.738 -14.62 0.16 018.1397 b_quark 0 4.18 71.862 -2.58 7.84 071.9083
137 b_quark 0 4.18 -15.05 38.13 -21.816 040.9927 b_quark 0 4.18 -27.95 54.87 -69.084 061.5786
138 b_quark 0 4.18 30.104 -1.425 41.664 030.1377 b_quark 0 4.18 26.696 -27.075 57.536 038.0228
139 b_quark 0 4.18 4.31 5.89 31.749 07.29851 b_quark 0 4.18 81.89 9.61 23.951 082.452
140 b_quark 0 4.18 2.288 -9.72 7.272 09.98566 b_quark 0 4.18 2.112 -71.28 12.928 071.3113
141 W_boson 1 80.38 -11.046 4.888 -4.368 012.0792 W_boson 1 80.38 -67.854 5.512 -6.832 068.0775
142 b_quark 0 4.18 -35.97 33.325 1.516 049.0346 b_quark 0 4.18 -29.43 44.175 74.284 053.0807
143 Z_boson 1 91.18 -46.4 -0.261 -2.877 046.4007 Z_boson 1 91.18 -26.1 -0.639 -38.223 026.1078
144 b_quark 0 4.18 0.435 7.488 -0 07.50062 b_quark 0 4.18 0.065 50.112 -11 050.112
145 b_quark 0 4.18 17.057 -3.894 23.042 017.4958 b_quark 0 4.18 29.043 -13.806 33.158 032.1574
146 b_quark 0 4.18 -1.939 28.86 -11.647 028.9251 b_quark 0 4.18 -25.761 10.14 -49.653 027.6848
147 Tau_lepton 0 1.77 -44.55 9.14 8.784 045.4779 Tau_lepton 0 1.77 -22.95 82.26 27.816 085.4015
148 b_quark 0 4.18 -54.691 2.565 3.124 054.7511 b_quark 0 4.18 -5.409 48.735 74.976 049.0342
149 b_quark 0 4.18 -4.986 1.832 5.254 05.31191 b_quark 0 4.18 -22.714 21.068 1.846 030.9804
150 b_quark 0 4.18 6.42 6.264 51.148 08.96962 b_quark 0 4.18 36.38 63.336 16.152 073.0408
151 b_quark 0 4.18 -14.2 26.136 -17.457 029.7444 b_quark 0 4.18 -14.2 70.664 -58.443 072.0766
152 b_quark 0 4.18 9.727 -5.67 -1.672 011.2589 b_quark 0 4.18 3.973 -15.33 -81.928 015.8365
153 W_boson 1 80.38 1.46 7.15 -44.965 07.29754 W_boson 1 80.38 27.74 64.35 -7.935 070.0745
154 Tau_lepton 0 1.77 0.26 -15.824 -9.741 015.8261 Tau_lepton 0 1.77 0.74 -52.976 -9.359 052.9812
155 b_quark 0 4.18 13.09 -12.192 8.918 017.8883 b_quark 0 4.18 24.31 -64.008 9.282 068.469
156 W_boson 1 80.38 -13.176 -11.034 -12.726 017.1859 W_boson 1 80.38 -8.424 -50.266 -47.874 050.967
157 b_quark 0 4.18 27.7 0 -0 027.7 b_quark 0 4.18 0 7.1 -90.9 07.1
158 b_quark 0 4.18 6.12 -10.92 11.295 012.518 b_quark 0 4.18 34.68 -4.68 64.005 034.9944
159 b_quark 0 4.18 -23.904 2.712 -6.498 024.0574 b_quark 0 4.18 -4.896 31.188 -65.702 031.57
160 Z_boson 1 91.18 -71.478 0.193 -0 071.4783 Z_boson 1 91.18 -0.722 19.107 -38 019.1206
161 b_quark 0 4.18 -5.684 6.86 21.97 08.90884 b_quark 0 4.18 -75.516 17.64 11.83 077.5489
162 W_boson 1 80.38 16.632 12.288 -23.842 020.6789 W_boson 1 80.38 22.968 26.112 -67.858 034.7759
163 b_quark 0 4.18 -4.608 4.89 5.376 06.71906 b_quark 0 4.18 -2.592 27.71 20.224 027.831
164 W_boson 1 80.38 93.951 -0.954 -0 093.9558 W_boson 1 80.38 0.949 -94.446 -64.7 094.4508
165 W_boson 1 80.38 6.636 -8.415 -31.425 010.7167 W_boson 1 80.38 40.764 -68.085 -10.475 079.3553
166 b_quark 0 4.18 8.1 1.92 -1.78 08.32445 b_quark 0 4.18 0.9 36.48 -33.82 036.4911
167 b_quark 0 4.18 8.892 45.6 -4.455 046.4589 b_quark 0 4.18 14.508 34.4 -84.645 037.3342
168 W_boson 1 80.38 -73.692 6.39 0.355 073.9685 W_boson 1 80.38 -9.108 57.51 35.145 058.2268
169 W_boson 1 80.38 -5.013 -11.56 9.129 012.6001 W_boson 1 80.38 -50.687 -17.34 8.771 053.571
170 Z_boson 1 91.18 -44.825 13.112 0.372 046.7034 Z_boson 1 91.18 -36.675 16.688 36.828 040.2932
171 Tau_lepton 0 1.77 -75.15 2.944 1.018 075.2076 Tau_lepton 0 1.77 -8.35 33.856 49.882 034.8705
172 b_quark 0 4.18 82.236 2.838 -4.02 082.285 b_quark 0 4.18 15.664 44.462 -36.18 047.1405
173 b_quark 0 4.18 -43.12 0.85 0.39 043.1284 b_quark 0 4.18 -0.88 84.15 38.61 084.1546
174 b_quark 0 4.18 4.324 -5.852 -0.137 07.27619 b_quark 0 4.18 0.376 -77.748 -13.563 077.7489
175 b_quark 0 4.18 31.218 -2.904 10.857 031.3528 b_quark 0 4.18 5.082 -93.896 87.843 094.0334
176 b_quark 0 4.18 5.738 10.2 35.392 011.7032 b_quark 0 4.18 24.462 30.6 27.808 039.1759
177 b_quark 0 4.18 -11.388 7.216 0 013.4817 b_quark 0 4.18 -83.512 0.984 78.6 083.5178
178 W_boson 1 80.38 -1.198 -12.256 -52.998 012.3144 W_boson 1 80.38 -58.702 -26.044 -27.302 064.22
179 b_quark 0 4.18 74.655 -3.912 -15.589 074.7574 b_quark 0 4.18 19.845 -93.888 -76.111 095.9624
180 W_boson 1 80.38 31.926 9.195 49.113 033.2237 W_boson 1 80.38 61.974 52.105 47.187 080.9673
181 b_quark 0 4.18 -21.344 -29.964 -3.492 036.7887 b_quark 0 4.18 -15.456 -60.836 -35.308 062.7687
182 b_quark 0 4.18 1.365 3.368 7.471 03.6341 b_quark 0 4.18 0.735 80.832 16.629 080.8353
183 b_quark 0 4.18 5.115 10.416 32.976 011.6041 b_quark 0 4.18 10.385 23.184 58.624 025.4037
184 Tau_lepton 0 1.77 47.19 7.74 -1.653 047.8205 Tau_lepton 0 1.77 24.31 43.86 -7.047 050.1465
185 b_quark 0 4.18 64.152 1.628 0.661 064.1727 b_quark 0 4.18 8.748 13.172 65.439 015.8123
186 b_quark 0 4.18 22.1 -1.632 -0.403 022.1602 b_quark 0 4.18 11.9 -39.168 -0.897 040.9358
187 b_quark 0 4.18 -5.334 -17.301 1.281 018.1046 b_quark 0 4.18 -83.566 -6.399 4.819 083.8106
188 b_quark 0 4.18 -23.732 -26.488 1.328 035.5643 b_quark 0 4.18 -11.168 -68.112 31.872 069.0215
189 Tau_lepton 0 1.77 71.1 9.622 -0.556 071.7481 Tau_lepton 0 1.77 18.9 46.978 -13.344 050.6374
190 Z_boson 1 91.18 21.888 16.643 7.282 027.4968 Z_boson 1 91.18 8.512 81.257 58.918 081.7016
191 b_quark 0 4.18 45.527 2.27 -33.054 045.5836 b_quark 0 4.18 40.373 43.13 -45.646 059.0777
192 b_quark 0 4.18 -35.003 4.805 3.912 035.3313 b_quark 0 4.18 -14.297 91.295 12.388 092.4077
193 Tau_lepton 0 1.77 -24.85 46.32 18.198 052.5649 Tau_lepton 0 1.77 -74.55 50.18 49.202 089.8651
194 W_boson 1 80.38 1.905 24.092 4.797 024.1672 W_boson 1 80.38 10.795 7.608 48.503 013.2066
195 b_quark 0 4.18 -9.462 27.187 15.95 028.7865 b_quark 0 4.18 -40.338 60.513 15.95 072.7254
196 W_boson 1 80.38 49.581 3.976 -1.026 049.7402 W_boson 1 80.38 29.119 10.224 -10.374 030.8617
197 W_boson 1 80.38 -9.006 8.763 2.78 012.5658 W_boson 1 80.38 -6.794 29.337 11.12 030.1134
198 b_quark 0 4.18 -92.367 0.843 -0 092.3708 b_quark 0 4.18 -0.933 83.457 -14.1 083.4622
199 Tau_lepton 0 1.77 45.312 5.238 5.337 045.6137 Tau_lepton 0 1.77 25.488 14.162 53.963 029.1582
200 b_quark 0 4.18 1.633 -18.312 -4.12 018.3847 b_quark 0 4.18 0.667 -68.888 -47.38 068.8912
201 b_quark 0 4.18 -72.819 -2.862 0.797 072.8752 b_quark 0 4.18 -5.481 -44.838 78.903 045.1718
202 b_quark 0 4.18 -9.075 -44.191 -7.592 045.1132 b_quark 0 4.18 -18.425 -30.709 -87.308 035.8123
203 b_quark 0 4.18 -64.296 0.63 2.19 064.2991 b_quark 0 4.18 -4.104 20.37 70.81 020.7793
204 b_quark 0 4.18 77.952 0.102 -0.108 077.9521 b_quark 0 4.18 11.648 10.098 -0.792 015.4158
205 b_quark 0 4.18 -14.448 1.62 -20.828 014.5385 b_quark 0 4.18 -75.852 79.38 -4.572 0109.794
206 b_quark 0 4.18 23.463 -0.188 -0 023.4638 b_quark 0 4.18 0.237 -18.612 -55.1 018.6135
207 W_boson 1 80.38 8.46 3.06 -23.244 08.9964 W_boson 1 80.38 62.04 5.44 -21.456 062.278
208 Tau_lepton 0 1.77 30.315 22.72 -1.974 037.884 Tau_lepton 0 1.77 34.185 48.28 -7.426 059.1572
209 b_quark 0 4.18 61.5 0 0 061.5 b_quark 0 4.18 0 22.4 84.6 022.4
210 b_quark 0 4.18 -20.976 -18.711 5.566 028.1086 b_quark 0 4.18 -15.824 -70.389 19.734 072.1458
211 b_quark 0 4.18 41.194 1.575 3.612 041.2241 b_quark 0 4.18 6.706 20.925 47.988 021.9733
212 b_quark 0 4.18 -13.96 45.872 -3.926 047.9492 b_quark 0 4.18 -20.94 51.728 -26.274 055.8056
213 b_quark 0 4.18 7.8 -12.654 -0.028 014.8648 b_quark 0 4.18 5.2 -20.646 -1.372 021.2908
214 b_quark 0 4.18 2.646 -0.683 -6.95 02.73273 b_quark 0 4.18 2.754 -67.617 -6.95 067.6731
215 b_quark 0 4.18 11.718 1.912 -63.765 011.873 b_quark 0 4.18 31.682 21.988 -34.335 038.5645
216 b_quark 0 4.18 15.951 -18.145 -0.588 024.1594 b_quark 0 4.18 24.949 -77.355 -0.812 081.2788
217 b_quark 0 4.18 91.9 0 0 091.9 b_quark 0 4.18 0 87.5 7.8 087.5
218 b_quark 0 4.18 -11.412 31.476 16.929 033.4809 b_quark 0 4.18 -83.688 20.124 45.771 086.0736
219 W_boson 1 80.38 7.965 1.498 -31.482 08.10464 W_boson 1 80.38 9.735 73.402 -27.918 074.0447
220 W_boson 1 80.38 -62.93 -0.494 0.068 062.9319 W_boson 1 80.38 -26.97 -3.306 0.332 027.1719
221 b_quark 0 4.18 -28.644 2.046 24.48 028.717 b_quark 0 4.18 -36.456 16.554 29.92 040.0384
222 W_boson 1 80.38 3.09 1.375 -15.21 03.38212 W_boson 1 80.38 58.71 26.125 -1.69 064.2602
223 b_quark 0 4.18 58.41 -6.16 -0.035 058.7339 b_quark 0 4.18 40.59 -9.24 -3.465 041.6284
224 b_quark 0 4.18 -1.302 2.576 28.996 02.88634 b_quark 0 4.18 -1.798 15.824 36.904 015.9258
225 b_quark 0 4.18 -3.456 11.339 12.806 011.854 b_quark 0 4.18 -1.944 55.361 54.594 055.3951
226 b_quark 0 4.18 -49.41 -33.352 -1.432 059.613 b_quark 0 4.18 -42.09 -42.448 -70.168 059.7779
227 b_quark 0 4.18 -0.458 0.994 -75.992 01.09444 b_quark 0 4.18 -45.342 13.206 -6.608 047.226
228 b_quark 0 4.18 -11.505 1.206 13.889 011.568 b_quark 0 4.18 -6.195 5.494 67.811 08.28022
229 W_boson 1 80.38 -34.528 -3.688 4.05 034.7244 W_boson 1 80.38 -7.072 -42.412 40.95 042.9976
230 b_quark 0 4.18 14.726 8.208 4.464 016.859 b_quark 0 4.18 25.074 22.192 7.936 033.4842
231 W_boson 1 80.38 -40.621 21.141 6.24 045.7931 W_boson 1 80.38 -42.279 57.159 19.76 071.0962
232 b_quark 0 4.18 21.573 31.515 37.04 038.1915 b_quark 0 4.18 58.327 63.985 55.56 086.5801
233 b_quark 0 4.18 -5.643 -0.406 -0 05.65759 b_quark 0 4.18 -0.057 -40.194 -93 040.194
234 b_quark 0 4.18 0.676 40.992 -21.32 040.9976 b_quark 0 4.18 1.924 44.408 -60.68 044.4497
235 Tau_lepton 0 1.77 71.841 15.963 -4.29 073.5931 Tau_lepton 0 1.77 21.459 77.937 -67.21 080.8373
236 W_boson 1 80.38 -27.104 3.75 29.146 027.3622 W_boson 1 80.38 -21.296 58.75 47.554 062.4907
237 b_quark 0 4.18 0.084 4.16 -51.012 04.16085 b_quark 0 4.18 0.216 16.64 -47.088 016.6414
238 b_quark 0 4.18 -11.529 -15.155 -0.342 019.0418 b_quark 0 4.18 -6.771 -28.145 -16.758 028.948
239 Tau_lepton 0 1.77 -7.552 8.184 -43.632 011.136 Tau_lepton 0 1.77 -39.648 60.016 -16.968 071.9297
240 b_quark 0 4.18 -67.704 -0.144 5.056 067.7042 b_quark 0 4.18 -19.096 -2.256 26.544 019.2288
241 W_boson 1 80.38 -14.415 -0.021 -0.652 014.415 W_boson 1 80.38 -1.085 -0.679 -15.648 01.27995
242 b_quark 0 4.18 4.046 1.212 24.624 04.22363 b_quark 0 4.18 7.854 8.888 20.976 011.8609
243 b_quark 0 4.18 -1.173 10.115 -43.68 010.1828 b_quark 0 4.18 -5.727 18.785 -47.32 019.6386
244 b_quark 0 4.18 -54.6 6.501 10.846 054.9857 b_quark 0 4.18 -15.4 52.599 87.754 054.8071
245 Tau_lepton 0 1.77 -22.795 15.9 -2.985 027.7925 Tau_lepton 0 1.77 -25.705 15.9 -96.515 030.2251
246 b_quark 0 4.18 12.15 23.66 44.982 026.5973 b_quark 0 4.18 36.45 67.34 46.818 076.572
247 W_boson 1 80.38 0.644 -6.419 -15.322 06.45122 W_boson 1 80.38 0.756 -85.281 -17.278 085.2844
248 W_boson 1 80.38 29.15 1 7.062 029.1671 W_boson 1 80.38 25.85 3 25.038 026.0235
249 Z_boson 1 91.18 -9.21 27.744 33.15 029.2327 Z_boson 1 91.18 -52.19 26.656 64.35 058.6032
250 b_quark 0 4.18 27.04 0.788 -5.12 027.0515 b_quark 0 4.18 57.46 18.912 -2.88 060.4923
251 b_quark 0 4.18 -27.347 -1.634 9.492 027.3958 b_quark 0 4.18 -39.353 -2.666 35.708 039.4432
252 b_quark 0 4.18 -19.791 -4.997 20.844 020.4121 b_quark 0 4.18 -53.509 -21.303 17.756 057.5937
253 b_quark 0 4.18 7.488 29.578 -32.688 030.5111 b_quark 0 4.18 34.112 34.722 -58.112 048.6749
254 Tau_lepton 0 1.77 0.847 -14.685 19.32 014.7094 Tau_lepton 0 1.77 11.253 -29.815 12.88 031.8679
255 b_quark 0 4.18 -1.812 16.416 3.6 016.5157 b_quark 0 4.18 -28.388 5.184 16.4 028.8574
256 b_quark 0 4.18 48.843 8.43 -8.37 049.5651 b_quark 0 4.18 11.457 75.87 -84.63 076.7302
257 W_boson 1 80.38 -31.507 10.374 -0.225 033.1709 W_boson 1 80.38 -32.793 14.326 -2.275 035.7857
258 b_quark 0 4.18 12.906 -0.51 -13.05 012.9161 b_quark 0 4.18 10.994 -50.49 -15.95 051.6731
259 W_boson 1 80.38 3.85 12.69 -0.099 013.2612 W_boson 1 80.38 7.15 10.81 -0.801 012.9607
260 b_quark 0 4.18 -14.125 33.512 -3.92 036.3672 b_quark 0 4.18 -42.375 13.688 -94.08 044.5309
261 W_boson 1 80.38 9.408 3.536 20.425 010.0506 W_boson 1 80.38 9.792 10.064 61.275 014.0416
262 b_quark 0 4.18 4.72 1.74 -46.774 05.03051 b_quark 0 4.18 89.68 41.76 -4.626 098.9262
263 b_quark 0 4.18 91.791 -2.91 -1.012 091.8371 b_quark 0 4.18 6.909 -55.29 -49.588 055.72
264 b_quark 0 4.18 47.232 5.454 0 047.5459 b_quark 0 4.18 10.368 24.846 84.4 026.9225
265 Z_boson 1 91.18 -69.006 -2.709 -0 069.0592 Z_boson 1 91.18 -5.194 -35.991 -46.7 036.3639
266 Z_boson 1 91.18 -20.944 -33.026 -20.976 039.1071 Z_boson 1 91.18 -53.856 -34.374 -70.224 063.8908
267 Tau_lepton 0 1.77 -0.536 -49.385 -4.389 049.3879 Tau_lepton 0 1.77 -12.864 -8.715 -35.511 015.5381
268 W_boson 1 80.38 14.994 -27.685 -8.234 031.4846 W_boson 1 80.38 20.706 -51.415 -27.566 055.4278
269 b_quark 0 4.18 -6.693 8.487 -3.352 010.8086 b_quark 0 4.18 -3.007 28.413 -38.548 028.5717
270 b_quark 0 4.18 -22.5 0.4 53.04 022.5036 b_quark 0 4.18 -52.5 7.6 28.56 053.0472
271 Tau_lepton 0 1.77 17.873 -31.185 4.32 035.9437 Tau_lepton 0 1.77 11.427 -63.315 67.68 064.3379
272 b_quark 0 4.18 -0.63 14.909 -7.72 014.9223 b_quark 0 4.18 -0.37 72.791 -30.88 072.7919
273 b_quark 0 4.18 11.532 26.904 0.576 029.2714 b_quark 0 4.18 25.668 20.296 4.224 032.7227
274 Tau_lepton 0 1.77 17.287 0.336 -30.058 017.2903 Tau_lepton 0 1.77 12.013 10.864 -49.042 016.1969
275 b_quark 0 4.18 2.849 -0.285 -2.676 02.86322 b_quark 0 4.18 4.851 -0.215 -41.924 04.85576
276 b_quark 0 4.18 -64.35 4.644 -0.145 064.5174 b_quark 0 4.18 -7.15 46.956 -14.355 047.4972
277 b_quark 0 4.18 -31.416 -1.34 7.43 031.4446 b_quark 0 4.18 -4.284 -65.66 66.87 065.7996
278 b_quark 0 4.18 -0.19 25.092 18.424 025.0927 b_quark 0 4.18 -1.71 48.708 14.476 048.738
279 Tau_lepton 0 1.77 -10.14 14.896 0.558 018.0197 Tau_lepton 0 1.77 -2.86 78.204 8.742 078.2563
280 b_quark 0 4.18 -0.324 11.52 -0.668 011.5246 b_quark 0 4.18 -0.076 65.28 -16.032 065.28
281 b_quark 0 4.18 -14.42 20.775 0.07 025.2891 b_quark 0 4.18 -6.18 62.325 1.33 062.6306
282 b_quark 0 4.18 78.638 1.825 7.423 078.6592 b_quark 0 4.18 17.262 34.675 49.677 038.7341
283 b_quark 0 4.18 -25.974 -39.114 22.242 046.9527 b_quark 0 4.18 -73.926 -56.286 45.158 092.9148
284 b_quark 0 4.18 26.52 11.648 -0.316 028.9653 b_quark 0 4.18 4.68 71.552 -31.284 071.7049
285 W_boson 1 80.38 -4.41 4.956 9.295 06.63401 W_boson 1 80.38 -27.09 18.644 5.005 032.8857
286 W_boson 1 80.38 42.687 -2.665 -0.076 042.7701 W_boson 1 80.38 3.213 -50.635 -3.724 050.7368
287 b_quark 0 4.18 54.901 -8.676 0.245 055.5823 b_quark 0 4.18 16.399 -39.524 4.655 042.791
288 b_quark 0 4.18 12.597 -10.11 2.397 016.1523 b_quark 0 4.18 53.703 -23.59 2.303 058.6558
289 W_boson 1 80.38 -36.4 34.454 11.774 050.1202 W_boson 1 80.38 -54.6 40.446 72.326 067.9488
290 b_quark 0 4.18 -16.687 7.25 15.533 018.1939 b_quark 0 4.18 -24.013 65.25 16.167 069.5283
291 b_quark 0 4.18 -12.103 2.352 2.29 012.3294 b_quark 0 4.18 -1.197 56.448 43.51 056.4607
292 b_quark 0 4.18 32.382 -12.276 -0.465 034.6308 b_quark 0 4.18 19.018 -21.824 -46.035 028.9477
293 b_quark 0 4.18 3.6 -18.833 28.446 019.174 b_quark 0 4.18 8.4 -32.067 57.754 033.1489
294 Tau_lepton 0 1.77 -19.776 -1.568 -34.68 019.8381 Tau_lepton 0 1.77 -62.624 -18.032 -16.32 065.1684
295 Z_boson 1 91.18 -32.13 -9.24 1.53 033.4322 Z_boson 1 91.18 -13.77 -29.26 23.97 032.3382
296 b_quark 0 4.18 18.104 7.944 10.764 019.7702 b_quark 0 4.18 11.096 58.256 30.636 059.3033
297 b_quark 0 4.18 -3.262 26.491 12.501 026.6911 b_quark 0 4.18 -20.038 18.409 33.799 027.2105
298 b_quark 0 4.18 -3.876 -0.983 -6.727 03.99871 b_quark 0 4.18 -1.824 -97.317 -14.973 097.3341
299 b_quark 0 4.18 93.06 0.247 -3.495 093.0603 b_quark 0 4.18 5.94 24.453 -66.405 025.1641
300 b_quark 0 4.18 -14.769 -19.467 3.81 024.4354 b_quark 0 4.18 -39.931 -11.433 34.29 041.5355
301 b_quark 0 4.18 2.931 -60.86 -8.652 060.9305 b_quark 0 4.18 94.769 -10.74 -63.448 095.3756
302 b_quark 0 4.18 -50.841 -6.26 -15.215 051.2249 b_quark 0 4.18 -29.859 -25.04 -74.285 038.9687
303 W_boson 1 80.38 -38.976 13.536 -0 041.2596 W_boson 1 80.38 -21.924 24.064 -42.2 032.5536
304 b_quark 0 4.18 -18.696 1.456 -1.751 018.7526 b_quark 0 4.18 -14.104 4.144 -8.549 014.7002
305 b_quark 0 4.18 58.46 -0.5 -13.923 058.4621 b_quark 0 4.18 15.54 -12 -67.977 019.6339
306 b_quark 0 4.18 69.466 5.334 0 069.6705 b_quark 0 4.18 4.434 83.566 90.3 083.6836
307 b_quark 0 4.18 -19.942 -28.845 -27.086 035.0673 b_quark 0 4.18 -56.758 -35.255 -66.314 066.8161
308 b_quark 0 4.18 10.976 -0.75 -42.966 011.0016 b_quark 0 4.18 23.324 -14.25 -25.234 027.3326
309 Z_boson 1 91.18 -78.96 1.4 -1.15 078.9724 Z_boson 1 91.18 -19.74 12.6 -10.35 023.4185
310 W_boson 1 80.38 -33.544 -8.384 -4.5 034.5759 W_boson 1 80.38 -26.356 -17.816 -33 031.8127
311 Tau_lepton 0 1.77 -5.6 -68.089 -12.628 068.3189 Tau_lepton 0 1.77 -74.4 -27.811 -44.772 079.428
312 b_quark 0 4.18 61.116 1.253 -1.323 061.1288 b_quark 0 4.18 31.484 16.647 -3.577 035.6141
313 b_quark 0 4.18 8.694 5.229 -20.79 010.1453 b_quark 0 4.18 29.106 69.471 -8.91 075.3218
314 b_quark 0 4.18 41.667 -12.528 -6.916 043.5097 b_quark 0 4.18 55.233 -30.672 -17.784 063.178
315 b_quark 0 4.18 0.782 -16.925 -29.522 016.9431 b_quark 0 4.18 3.818 -50.775 -21.378 050.9183
316 b_quark 0 4.18 -23.664 1.65 20.909 023.7215 b_quark 0 4.18 -11.136 53.35 51.191 054.4998
317 Z_boson 1 91.18 6.72 -34.24 21.996 034.8932 Z_boson 1 91.18 60.48 -19.26 62.604 063.4727
318 W_boson 1 80.38 -8.019 -0.278 0 08.02382 W_boson 1 80.38 -0.081 -27.522 99.8 027.5221
319 b_quark 0 4.18 42.777 5.733 -5.168 043.1595 b_quark 0 4.18 25.123 21.567 -27.132 033.1104
320 W_boson 1 80.38 -21.634 24.64 0.73 032.7896 W_boson 1 80.38 -15.666 36.96 35.77 040.1431
321 b_quark 0 4.18 -39.99 -20.978 -1.172 045.1584 b_quark 0 4.18 -24.51 -40.722 -28.128 047.5292
322 b_quark 0 4.18 -25.284 0.578 0.712 025.2906 b_quark 0 4.18 -0.516 57.222 70.488 057.2243
323 Tau_lepton 0 1.77 -3.381 -56.715 17.116 056.8157 Tau_lepton 0 1.77 -12.719 -42.785 60.684 044.6355
324 b_quark 0 4.18 20.564 -14.562 26.506 025.1978 b_quark 0 4.18 18.236 -66.338 64.894 068.7989
325 W_boson 1 80.38 8.8 34.055 -16.03 035.1736 W_boson 1 80.38 46.2 35.445 -29.77 058.2305
326 b_quark 0 4.18 -37.83 -20.812 0 043.1769 b_quark 0 4.18 -10.67 -73.788 10 074.5555
327 b_quark 0 4.18 -31.8 12.903 0.598 034.318 b_quark 0 4.18 -21.2 62.997 2.002 066.4685
328 b_quark 0 4.18 22.134 1.258 -2.195 022.1697 b_quark 0 4.18 1.666 61.642 -41.705 061.6645
329 W_boson 1 80.38 -18.921 -53.504 2.127 056.7511 W_boson 1 80.38 -71.179 -16.896 68.773 073.1569
330 b_quark 0 4.18 33 -32.895 3.204 046.5949 b_quark 0 4.18 49.5 -31.605 32.396 058.7293
331 b_quark 0 4.18 33.664 -6.939 2.97 034.3717 b_quark 0 4.18 18.936 -70.161 8.03 072.6714
332 b_quark 0 4.18 -81.488 -0.635 9.735 081.4905 b_quark 0 4.18 -11.112 -62.865 78.765 063.8395
333 W_boson 1 80.38 17.082 -23.944 -0.697 029.4127 W_boson 1 80.38 48.618 -8.856 -69.003 049.418
334 W_boson 1 80.38 -9.876 -24.525 6.617 026.4388 W_boson 1 80.38 -72.424 -8.175 44.283 072.8839
335 b_quark 0 4.18 3.18 11.91 4.48 012.3272 b_quark 0 4.18 7.42 27.79 6.72 028.7635
336 W_boson 1 80.38 17.612 -23.128 2.09 029.0704 W_boson 1 80.38 34.188 -59.472 3.41 068.5984
337 Z_boson 1 91.18 10.976 11.448 6.08 015.8597 Z_boson 1 91.18 8.624 20.352 69.92 022.1038
338 b_quark 0 4.18 27.972 -5.784 -35.292 028.5637 b_quark 0 4.18 47.628 -42.416 -33.908 063.7773
339 W_boson 1 80.38 55.77 1.6 19.98 055.7929 W_boson 1 80.38 15.73 78.4 79.92 079.9624
340 W_boson 1 80.38 76.518 2.35 10.248 076.5541 W_boson 1 80.38 21.582 21.15 75.152 030.2176
341 b_quark 0 4.18 -30.624 -23.4 -8.398 038.5407 b_quark 0 4.18 -33.176 -66.6 -23.902 074.4057
342 b_quark 0 4.18 12.192 -9.495 25.234 015.4532 b_quark 0 4.18 13.208 -53.805 42.966 055.4024
343 W_boson 1 80.38 6.789 12.94 3.528 014.6128 W_boson 1 80.38 2.511 51.76 46.872 051.8209
344 b_quark 0 4.18 5.408 6.048 -4.575 08.11325 b_quark 0 4.18 11.492 80.352 -2.925 081.1696
345 W_boson 1 80.38 51.25 0.512 -4.539 051.2526 W_boson 1 80.38 11.25 50.688 -22.161 051.9214
346 b_quark 0 4.18 -42.048 3.412 19.78 042.1862 b_quark 0 4.18 -15.552 81.888 66.22 083.3517
347 Tau_lepton 0 1.77 15.378 11.919 31.996 019.4562 Tau_lepton 0 1.77 31.222 29.181 52.204 042.7357
348 b_quark 0 4.18 17.966 -0.924 25.908 017.9897 b_quark 0 4.18 51.134 -14.476 12.192 053.1436
349 Tau_lepton 0 1.77 -7.584 -33.504 7.88 034.3516 Tau_lepton 0 1.77 -16.116 -36.296 31.52 039.713
350 b_quark 0 4.18 23.94 27.496 -4.114 036.4576 b_quark 0 4.18 39.06 70.704 -7.986 080.7759
351 Tau_lepton 0 1.77 -9.669 -12.787 -54.39 016.0311 Tau_lepton 0 1.77 -78.231 -54.513 -23.31 095.3507
352 W_boson 1 80.38 13.224 -3.255 -30.68 013.6187 W_boson 1 80.38 32.376 -7.245 -46.02 033.1767
353 b_quark 0 4.18 19.95 -28.875 -3.864 035.0966 b_quark 0 4.18 27.55 -53.625 -12.936 060.288
354 b_quark 0 4.18 -8.772 0.14 -30.786 08.77312 b_quark 0 4.18 -8.428 1.86 -42.514 08.6308
355 b_quark 0 4.18 6.501 -3.066 -62.85 07.18772 b_quark 0 4.18 52.599 -18.834 -20.95 055.8693
356 b_quark 0 4.18 -11.52 4.963 -12.747 012.5436 b_quark 0 4.18 -4.48 65.937 -47.953 066.089
357 W_boson 1 80.38 54.107 1.18 22.311 054.1199 W_boson 1 80.38 34.593 57.82 37.989 067.3782
358 b_quark 0 4.18 -14.432 -4.85 -12.599 015.2251 b_quark 0 4.18 -30.668 -14.55 -16.701 033.9445
359 b_quark 0 4.18 60.04 1.88 10.279 060.0694 b_quark 0 4.18 18.96 35.72 43.821 040.4401
360 b_quark 0 4.18 -18.762 8.848 24.759 020.7437 b_quark 0 4.18 -13.038 54.352 66.941 055.8939
361 b_quark 0 4.18 31.506 2.316 3.28 031.591 b_quark 0 4.18 3.894 36.284 62.32 036.4924
362 b_quark 0 4.18 -3.06 21.28 31.274 021.4989 b_quark 0 4.18 -7.14 45.22 51.026 045.7802
363 Tau_lepton 0 1.77 0.64 17.082 -1.194 017.094 Tau_lepton 0 1.77 2.56 4.818 -58.506 05.45589
364 W_boson 1 80.38 -16.929 2.493 -7.854 017.1116 W_boson 1 80.38 -12.771 25.207 -15.246 028.2576
365 b_quark 0 4.18 3.288 -8.036 -1.61 08.68264 b_quark 0 4.18 78.912 -1.764 -9.89 078.9317
366 b_quark 0 4.18 19.208 51.324 14.04 054.8005 b_quark 0 4.18 49.392 47.376 56.16 068.4402
367 b_quark 0 4.18 -54.065 41.323 -0.596 068.0486 b_quark 0 4.18 -44.235 54.777 -29.204 070.4078
368 W_boson 1 80.38 83.695 -3.105 -0 083.7526 W_boson 1 80.38 4.405 -58.995 -40.9 059.1592
369 b_quark 0 4.18 37.968 8.215 10.374 038.8466 b_quark 0 4.18 29.832 18.285 69.426 034.9898
370 b_quark 0 4.18 -3.432 27.864 -4.74 028.0746 b_quark 0 4.18 -82.368 49.536 -3.16 096.1161
371 b_quark 0 4.18 -4.116 3.852 51.168 05.63732 b_quark 0 4.18 -5.684 60.348 47.232 060.6151
372 b_quark 0 4.18 -13.74 -8.04 -31.828 015.9195 b_quark 0 4.18 -77.86 -58.96 -11.772 097.665
373 W_boson 1 80.38 -67.36 -7.575 -3.545 067.7846 W_boson 1 80.38 -16.84 -42.925 -67.355 046.1101
374 W_boson 1 80.38 25.74 19.208 -7.056 032.1169 W_boson 1 80.38 45.76 15.092 -81.144 048.1845
375 W_boson 1 80.38 39.934 -10.01 3.38 041.1695 W_boson 1 80.38 57.466 -8.19 81.12 058.0467
376 b_quark 0 4.18 -9.396 1.92 2.658 09.59016 b_quark 0 4.18 -1.404 17.28 85.942 017.3369
377 W_boson 1 80.38 43.381 -9.594 -10.968 044.4292 W_boson 1 80.38 48.919 -13.806 -80.432 050.8299
378 b_quark 0 4.18 -37.926 -5.922 19.2 038.3856 b_quark 0 4.18 -22.274 -78.678 44.8 081.7702
379 W_boson 1 80.38 49.956 2.525 0.276 050.0198 W_boson 1 80.38 4.344 47.975 8.924 048.1713
380 Z_boson 1 91.18 -6.6 -0.216 -26.91 06.60353 Z_boson 1 91.18 -75.9 -0.584 -14.49 075.9022
381 b_quark 0 4.18 -68.448 3.99 -0.933 068.5642 b_quark 0 4.18 -5.152 62.51 -92.367 062.722
382 b_quark 0 4.18 -53.382 -1.034 6.713 053.392 b_quark 0 4.18 -11.718 -8.366 89.187 014.398
383 Z_boson 1 91.18 -48.594 -5.369 -1.784 048.8897 Z_boson 1 91.18 -4.806 -71.331 -87.416 071.4927
384 W_boson 1 80.38 43.656 7.392 23.716 044.2774 W_boson 1 80.38 41.944 27.808 60.984 050.3248
385 b_quark 0 4.18 -25.08 -5.55 -1.548 025.6867 b_quark 0 4.18 -3.42 -86.95 -24.252 087.0172
386 b_quark 0 4.18 -42.796 1.235 7.74 042.8138 b_quark 0 4.18 -39.504 23.465 10.26 045.9475
387 W_boson 1 80.38 11.388 -11.744 21.504 016.3587 W_boson 1 80.38 32.412 -24.956 29.696 040.9065
388 b_quark 0 4.18 72.956 -2.312 2.328 072.9926 b_quark 0 4.18 6.344 -55.488 55.872 055.8495
389 b_quark 0 4.18 -30.772 -0.344 0 030.7739 b_quark 0 4.18 -0.628 -16.856 18.6 016.8677
390 b_quark 0 4.18 5.046 3.76 -23.604 06.29283 b_quark 0 4.18 79.054 33.84 -4.496 085.9923
391 b_quark 0 4.18 -85.69 1.192 -0.494 085.6983 b_quark 0 4.18 -4.51 28.608 -48.906 028.9613
392 W_boson 1 80.38 57.525 -2.764 13.144 057.5914 W_boson 1 80.38 30.975 -66.336 29.256 073.2114
393 b_quark 0 4.18 -13.77 22.608 17.666 026.4714 b_quark 0 4.18 -11.73 71.592 62.634 072.5466
394 b_quark 0 4.18 -39.7 -0 -0 039.7 b_quark 0 4.18 0 -2.8 -95.5 02.8
395 b_quark 0 4.18 -6.739 -3.75 37.083 07.71211 b_quark 0 4.18 -22.561 -8.75 41.817 024.1984
396 b_quark 0 4.18 19.788 0.888 -0 019.8079 b_quark 0 4.18 0.612 28.712 -8.6 028.7185
397 b_quark 0 4.18 20.888 1.12 -0.432 020.918 b_quark 0 4.18 16.412 2.38 -3.168 016.5837
398 b_quark 0 4.18 37.395 -10.785 21.96 038.9192 b_quark 0 4.18 45.705 -61.115 32.94 076.3151
399 W_boson 1 80.38 -48.403 1.49 0.808 048.4259 W_boson 1 80.38 -1.497 73.01 79.992 073.0253
400 Tau_lepton 0 1.77 5.052 -1.86 -4.902 05.38352 Tau_lepton 0 1.77 37.048 -4.14 -3.698 037.2786
401 b_quark 0 4.18 -68.25 3.164 -1.506 068.3233 b_quark 0 4.18 -29.25 8.136 -73.794 030.3605
402 b_quark 0 4.18 -50.031 10.488 -21.756 051.1185 b_quark 0 4.18 -48.069 76.912 -37.044 090.6978
403 b_quark 0 4.18 54.372 4.986 -24.05 054.6001 b_quark 0 4.18 24.428 78.114 -72.15 081.8445
404 W_boson 1 80.38 -1.456 -0.01 -1.984 01.45603 W_boson 1 80.38 -0.144 -0.99 -22.816 01.00042
405 b_quark 0 4.18 -11.154 -4.711 -17.037 012.1081 b_quark 0 4.18 -5.746 -62.589 -46.063 062.8522
406 W_boson 1 80.38 -24.846 -4.959 7.515 025.336 W_boson 1 80.38 -5.454 -50.141 75.985 050.4368
407 W_boson 1 80.38 -54.918 -5.648 -8.701 055.2077 W_boson 1 80.38 -12.882 -64.952 -70.399 066.2171
408 b_quark 0 4.18 -44.196 2.036 -4.662 044.2429 b_quark 0 4.18 -6.604 48.864 -47.138 049.3082
409 b_quark 0 4.18 38.808 -5.7 4.152 039.2244 b_quark 0 4.18 15.092 -22.8 47.748 027.3424
410 b_quark 0 4.18 42.48 -1.76 6.435 042.5164 b_quark 0 4.18 29.52 -20.24 13.065 035.7923
411 b_quark 0 4.18 18.796 13.986 -2.45 023.4286 b_quark 0 4.18 6.604 52.614 -46.55 053.0268
412 Z_boson 1 91.18 18.7 18.424 3.661 026.2514 Z_boson 1 91.18 23.8 19.176 48.639 030.564
413 b_quark 0 4.18 -31.416 2.208 1.568 031.4935 b_quark 0 4.18 -39.984 2.392 18.032 040.0555
414 b_quark 0 4.18 71.136 1.116 -1.832 071.1448 b_quark 0 4.18 2.964 54.684 -89.768 054.7643
415 b_quark 0 4.18 -40.85 -4.94 -0 041.1476 b_quark 0 4.18 -2.15 -93.86 -18.5 093.8846
416 W_boson 1 80.38 27.258 -3.16 25.65 027.4406 W_boson 1 80.38 55.342 -28.44 19.35 062.2219
417 W_boson 1 80.38 3.955 15.444 -10.17 015.9424 W_boson 1 80.38 52.545 4.356 -57.63 052.7252
418 W_boson 1 80.38 -27.388 2.81 -34.344 027.5318 W_boson 1 80.38 -39.412 53.39 -29.256 066.3611
419 b_quark 0 4.18 -3.162 -6.305 -34.44 07.05346 b_quark 0 4.18 -7.038 -42.195 -27.06 042.7779
420 b_quark 0 4.18 41.86 -1.484 0.266 041.8863 b_quark 0 4.18 4.14 -19.716 13.034 020.146
421 b_quark 0 4.18 -10.458 15.635 4.94 018.8102 b_quark 0 4.18 -39.342 10.865 19.76 040.8147
422 b_quark 0 4.18 -8.888 6.699 -0.339 011.1298 b_quark 0 4.18 -1.212 54.201 -33.561 054.2145
423 b_quark 0 4.18 -1.513 9.15 0.942 09.27425 b_quark 0 4.18 -0.187 82.35 93.258 082.3502
424 b_quark 0 4.18 -33.04 12.258 4.05 035.2406 b_quark 0 4.18 -49.56 10.442 63.45 050.6481
425 b_quark 0 4.18 5.448 -36.408 6.324 036.8134 b_quark 0 4.18 62.652 -52.392 6.076 081.6713
426 Tau_lepton 0 1.77 8.294 7.326 46.424 011.0662 Tau_lepton 0 1.77 29.406 25.974 36.476 039.2347
427 b_quark 0 4.18 -37.433 0.35 50.004 037.4346 b_quark 0 4.18 -53.867 6.65 42.596 054.2759
428 b_quark 0 4.18 10.112 1.436 8.037 010.2135 b_quark 0 4.18 2.688 70.364 34.263 070.4153
429 b_quark 0 4.18 -10.199 16.392 -20.88 019.3059 b_quark 0 4.18 -22.701 51.908 -25.52 056.6549
430 W_boson 1 80.38 -18.821 -10.144 18.625 021.3806 W_boson 1 80.38 -13.079 -53.256 55.875 054.8385
431 W_boson 1 80.38 -25.24 0 -27.907 025.24 W_boson 1 80.38 -37.86 0 -36.993 037.86
432 W_boson 1 80.38 -77.024 -2.538 8.316 077.0658 W_boson 1 80.38 -15.776 -82.062 51.084 083.5647
433 W_boson 1 80.38 24.288 -16.864 -10.24 029.5686 W_boson 1 80.38 26.312 -35.836 -40.96 044.4583
434 b_quark 0 4.18 -2.871 -12.691 -47.412 013.0117 b_quark 0 4.18 -29.029 -21.609 -40.388 036.1888
435 W_boson 1 80.38 7.3 -34.047 22.284 034.8208 W_boson 1 80.38 21.9 -53.253 39.616 057.5803
436 W_boson 1 80.38 -37.148 -5.576 -5.688 037.5642 W_boson 1 80.38 -13.052 -64.124 -25.912 065.4388
437 b_quark 0 4.18 0.816 0.204 -8.178 00.841114 b_quark 0 4.18 80.784 1.496 -1.222 080.7979
438 b_quark 0 4.18 -45.1 -1.188 -3.3 045.1156 b_quark 0 4.18 -36.9 -2.412 -24.2 036.9787
439 b_quark 0 4.18 20.424 0.558 25.984 020.4316 b_quark 0 4.18 34.776 1.242 55.216 034.7982
440 Tau_lepton 0 1.77 30.34 -2.344 11.592 030.4304 Tau_lepton 0 1.77 6.66 -56.256 71.208 056.6489
441 b_quark 0 4.18 9.512 -1.824 -7.395 09.6853 b_quark 0 4.18 2.088 -58.976 -41.905 059.013
442 b_quark 0 4.18 -0.29 35.872 -2.124 035.8732 b_quark 0 4.18 -0.21 58.528 -50.976 058.5284
443 b_quark 0 4.18 -82.256 -1.74 0 082.2744 b_quark 0 4.18 -2.544 -56.26 33.5 056.3175
444 b_quark 0 4.18 -94.864 1.056 0 094.8699 b_quark 0 4.18 -1.936 51.744 13.3 051.7802
445 b_quark 0 4.18 2.18 10.992 8.064 011.2061 b_quark 0 4.18 52.32 34.808 3.136 062.8409
446 b_quark 0 4.18 -28.478 -3.706 -26.492 028.7181 b_quark 0 4.18 -69.722 -7.194 -45.108 070.0922
447 b_quark 0 4.18 -43.425 -20.904 -0.644 048.1945 b_quark 0 4.18 -14.475 -66.196 -63.756 067.7601
448 b_quark 0 4.18 57.81 -1.634 0.256 057.8331 b_quark 0 4.18 12.69 -80.066 1.344 081.0654
449 Tau_lepton 0 1.77 58.006 1.076 -0.481 058.016 Tau_lepton 0 1.77 1.794 52.724 -47.619 052.7545
450 b_quark 0 4.18 1.744 60.975 -11.316 060.9999 b_quark 0 4.18 85.456 20.325 -37.884 087.8398
451 W_boson 1 80.38 -1.612 30.409 -10.72 030.4517 W_boson 1 80.38 -10.788 34.291 -16.08 035.9479
452 b_quark 0 4.18 31.515 8.16 27.888 032.5543 b_quark 0 4.18 25.785 39.84 71.712 047.4562
453 Z_boson 1 91.18 -0.48 30.3 -3.48 030.3038 Z_boson 1 91.18 -2.72 10.1 -31.32 010.4598
454 Z_boson 1 91.18 -1.625 -1.971 -6.904 02.5545 Z_boson 1 91.18 -0.875 -5.329 -79.396 05.40036
455 b_quark 0 4.18 -32.305 -1.42 14.744 032.3362 b_quark 0 4.18 -13.195 -12.78 62.856 018.3694
456 b_quark 0 4.18 -6.195 0.972 17.255 06.27079 b_quark 0 4.18 -4.305 15.228 32.045 015.8248
457 b_quark 0 4.18 3.748 -11.336 -23.188 011.9395 b_quark 0 4.18 89.952 -10.464 -29.512 090.5586
458 b_quark 0 4.18 -1.092 -25.462 8.576 025.4854 b_quark 0 4.18 -14.508 -62.338 4.824 064.004
459 Tau_lepton 0 1.77 -0.92 9.975 65.807 010.0173 Tau_lepton 0 1.77 -45.08 42.525 17.493 061.9724
460 Tau_lepton 0 1.77 5.376 -13.75 2.585 014.7636 Tau_lepton 0 1.77 3.024 -41.25 20.915 041.3607
461 W_boson 1 80.38 10.656 -4.424 0 011.5379 W_boson 1 80.38 4.144 -11.376 12.6 012.1073
462 Tau_lepton 0 1.77 -7.384 14.841 4.797 016.5765 Tau_lepton 0 1.77 -84.916 14.259 6.903 086.1049
463 b_quark 0 4.18 -17.94 -0.092 -5.379 017.9402 b_quark 0 4.18 -9.66 -4.508 -10.921 010.6601
464 b_quark 0 4.18 17.388 14.032 0 022.3437 b_quark 0 4.18 3.312 73.668 35.4 073.7424
465 b_quark 0 4.18 59.34 -14.756 0 061.1472 b_quark 0 4.18 26.66 -32.844 70.9 042.3023
466 b_quark 0 4.18 26.104 2.926 -20.582 026.2675 b_quark 0 4.18 24.096 38.874 -29.618 045.7363
467 b_quark 0 4.18 38.665 1.398 0.288 038.6903 b_quark 0 4.18 2.035 45.202 14.112 045.2478
468 b_quark 0 4.18 1.364 7.585 -19.95 07.70667 b_quark 0 4.18 66.836 10.915 -15.05 067.7214
469 b_quark 0 4.18 -53.546 0.408 -10.395 053.5476 b_quark 0 4.18 -11.754 13.192 -58.905 017.6688
470 b_quark 0 4.18 17.732 -0.624 -34.944 017.743 b_quark 0 4.18 22.568 -7.176 -37.856 023.6814
471 Tau_lepton 0 1.77 14.559 -1.19 27.869 014.6076 Tau_lepton 0 1.77 6.541 -58.31 68.231 058.6757
472 W_boson 1 80.38 20.831 6.16 -34.595 021.7227 W_boson 1 80.38 35.469 70.84 -28.305 079.2235
473 b_quark 0 4.18 -7.392 -11.058 -17.853 013.3012 b_quark 0 4.18 -8.008 -47.142 -36.247 047.8173
474 b_quark 0 4.18 -0.63 -76.36 6.776 076.3626 b_quark 0 4.18 -62.37 -6.64 90.024 062.7225
475 b_quark 0 4.18 -13.225 -59.64 -3.63 061.0887 b_quark 0 4.18 -44.275 -24.36 -56.87 050.534
476 W_boson 1 80.38 13.737 13.69 -5.118 019.3938 W_boson 1 80.38 10.363 23.31 -80.182 025.5098
477 b_quark 0 4.18 -44.451 0.085 -0 044.4511 b_quark 0 4.18 -0.449 8.415 -72 08.42697
478 b_quark 0 4.18 -6.84 8.4 -44.2 010.8326 b_quark 0 4.18 -29.16 44.1 -23.8 052.8689
479 W_boson 1 80.38 49.396 27.555 -9.618 056.5618 W_boson 1 80.38 43.804 55.945 -59.082 071.0537
480 b_quark 0 4.18 66.912 4.953 1.16 067.0951 b_quark 0 4.18 14.688 33.147 22.04 036.2555
481 Z_boson 1 91.18 90.63 3.82 -0 090.7105 Z_boson 1 91.18 4.77 72.58 -23.9 072.7366
482 b_quark 0 4.18 -22.116 27.869 5.18 035.5781 b_quark 0 4.18 -16.684 68.231 31.82 070.2412
483 b_quark 0 4.18 -9.84 29.01 12.606 030.6334 b_quark 0 4.18 -10.66 67.69 44.694 068.5242
484 b_quark 0 4.18 23.199 46.905 4.41 052.3285 b_quark 0 4.18 47.101 41.595 27.09 062.8383
485 W_boson 1 80.38 12.744 -28.27 -9.723 031.0097 W_boson 1 80.38 40.356 -23.13 -36.577 046.5146
486 b_quark 0 4.18 0.76 5.89 5.073 05.93883 b_quark 0 4.18 3.24 3.61 21.627 04.85074
487 W_boson 1 80.38 -36.816 -2.135 -5.445 036.8779 W_boson 1 80.38 -10.384 -28.365 -30.855 030.206
488 W_boson 1 80.38 -12.831 21.06 -0.184 024.6609 W_boson 1 80.38 -48.269 5.94 -18.216 048.6331
489 b_quark 0 4.18 66.375 -0.364 -3.806 066.376 b_quark 0 4.18 22.125 -2.236 -30.794 022.2377
490 b_quark 0 4.18 -9.648 -1.584 -5.968 09.77717 b_quark 0 4.18 -10.452 -2.016 -68.632 010.6446
491 Tau_lepton 0 1.77 -59.697 0.653 0 059.7006 Tau_lepton 0 1.77 -0.603 64.647 37.7 064.6498
492 b_quark 0 4.18 -30.973 -4.847 -13.52 031.35 b_quark 0 4.18 -34.927 -8.253 -70.98 035.8888
493 b_quark 0 4.18 -45.26 -5.748 28.8 045.6235 b_quark 0 4.18 -27.74 -90.052 61.2 094.2278
494 b_quark 0 4.18 -21.06 -2.025 -25.132 021.1571 b_quark 0 4.18 -49.14 -20.475 -16.068 053.235
495 b_quark 0 4.18 52.722 3.305 3.44 052.8255 b_quark 0 4.18 7.878 62.795 39.56 063.2872
496 Z_boson 1 91.18 -85.041 0.839 0 085.0451 Z_boson 1 91.18 -0.859 83.061 69.6 083.0654
497 W_boson 1 80.38 42.1 -0 -0 042.1 W_boson 1 80.38 0 -71.2 -9.5 071.2
498 b_quark 0 4.18 -47.79 -14.391 -0.67 049.9098 b_quark 0 4.18 -40.71 -20.709 -12.73 045.6746
499 W_boson 1 80.38 42.717 -0.838 1.656 042.7252 W_boson 1 80.38 6.383 -82.962 12.144 083.2072
500 W_boson 1 80.38 11.049 2.387 -0.836 011.3039 W_boson 1 80.38 1.651 19.313 -40.964 019.3834
501 b_quark 0 4.18 -54.812 -5.598 5.181 055.0971 b_quark 0 4.18 -22.388 -25.502 41.919 033.9349
502 W_boson 1 80.38 -38.493 -5.94 -2.499 038.9486 W_boson 1 80.38 -60.207 -7.56 -12.201 060.6798
503 b_quark 0 4.18 13.64 -22.814 25.09 026.5806 b_quark 0 4.18 20.46 -44.286 71.41 048.7838
504 b_quark 0 4.18 1.978 -19.107 13.488 019.2091 b_quark 0 4.18 2.622 -38.793 42.712 038.8815
505 b_quark 0 4.18 -92.538 -0.598 0.974 092.5399 b_quark 0 4.18 -2.862 -29.302 96.426 029.4414
506 b_quark 0 4.18 32.572 -22.629 -7.245 039.6612 b_quark 0 4.18 63.228 -17.071 -73.255 065.492
507 b_quark 0 4.18 40.338 3.997 -26.091 040.5355 b_quark 0 4.18 34.362 53.103 -40.809 063.2509
508 b_quark 0 4.18 62.288 -12.614 5.706 063.5524 b_quark 0 4.18 29.312 -77.486 25.994 082.8449
509 b_quark 0 4.18 0.56 23.88 37.74 023.8866 b_quark 0 4.18 27.44 55.72 17.76 062.1102
510 b_quark 0 4.18 27.554 -20.709 12.45 034.4686 b_quark 0 4.18 32.346 -32.391 70.55 045.776
511 W_boson 1 80.38 1.872 37.72 9.036 037.7664 W_boson 1 80.38 5.928 56.58 16.064 056.8897
512 W_boson 1 80.38 9.882 -12.961 -20.526 016.2985 W_boson 1 80.38 8.418 -86.739 -41.674 087.1465
513 b_quark 0 4.18 -4.968 0.405 1.659 04.98448 b_quark 0 4.18 -0.432 40.095 22.041 040.0973
514 b_quark 0 4.18 21.835 -11.718 14.094 024.7806 b_quark 0 4.18 17.865 -31.682 64.206 036.3718
515 W_boson 1 80.38 -34.344 16.986 5.049 038.3149 W_boson 1 80.38 -13.356 72.414 51.051 073.6354
516 W_boson 1 80.38 0.037 22.843 9.31 022.843 W_boson 1 80.38 0.063 20.257 83.79 020.2571
517 Tau_lepton 0 1.77 1.037 -11.577 -25.888 011.6234 Tau_lepton 0 1.77 5.063 -11.123 -55.012 012.2211
518 W_boson 1 80.38 0.64 37.29 1.118 037.2955 W_boson 1 80.38 1.36 30.51 7.482 030.5403
519 b_quark 0 4.18 -23.864 18.744 0 030.3451 b_quark 0 4.18 -7.536 59.356 38.2 059.8325
520 Tau_lepton 0 1.77 23.52 19.572 17.13 030.5983 Tau_lepton 0 1.77 32.48 50.328 39.97 059.8987
521 W_boson 1 80.38 46.452 9.4 2.124 047.3935 W_boson 1 80.38 8.848 84.6 33.276 085.0614
522 Tau_lepton 0 1.77 -3.544 -49.938 27.284 050.0636 Tau_lepton 0 1.77 -85.056 -36.162 44.516 092.4241
523 b_quark 0 4.18 65.142 0.588 -8.62 065.1447 b_quark 0 4.18 33.558 3.612 -34.48 033.7518
524 b_quark 0 4.18 -6.03 -3.438 15.045 06.94124 b_quark 0 4.18 -60.97 -53.862 2.655 081.3539
525 W_boson 1 80.38 16.64 23.598 -5.566 028.8748 W_boson 1 80.38 66.56 10.602 -45.034 067.3991
526 Tau_lepton 0 1.77 11.375 -4.328 21.261 012.1705 Tau_lepton 0 1.77 21.125 -49.772 16.039 054.0696
527 b_quark 0 4.18 47.348 -10.5 -1.23 048.4983 b_quark 0 4.18 14.952 -39.5 -39.77 042.2352
528 b_quark 0 4.18 -2.304 51.528 13.755 051.5795 b_quark 0 4.18 -74.496 16.272 51.745 076.2524
529 W_boson 1 80.38 -24.862 26.2 15.656 036.1187 W_boson 1 80.38 -55.338 26.2 66.744 061.2269
530 b_quark 0 4.18 45.136 11.22 -0.832 046.5096 b_quark 0 4.18 27.664 39.78 -4.368 048.4535
531 Tau_lepton 0 1.77 -22.575 -2.88 -16.038 022.758 Tau_lepton 0 1.77 -67.725 -29.12 -8.262 073.7201
532 b_quark 0 4.18 -40.068 3.834 -25.62 040.251 b_quark 0 4.18 -23.532 38.766 -65.88 045.3493
533 W_boson 1 80.38 23.288 6.188 0.585 024.0961 W_boson 1 80.38 33.512 38.012 0.715 050.6751
534 b_quark 0 4.18 4.464 -2.622 -4.14 05.17708 b_quark 0 4.18 1.736 -8.778 -78.66 08.94802
535 b_quark 0 4.18 -4.68 -3.969 7.602 06.1364 b_quark 0 4.18 -1.82 -52.731 28.598 052.7624
536 b_quark 0 4.18 -35.217 6.664 19.343 035.842 b_quark 0 4.18 -46.683 12.936 64.757 048.4422
537 b_quark 0 4.18 -0.396 26.6 16.384 026.6029 b_quark 0 4.18 -2.904 20.9 34.816 021.1008
538 Tau_lepton 0 1.77 -9.808 -1.677 3.969 09.95034 Tau_lepton 0 1.77 -51.492 -54.223 0.931 074.7767
539 b_quark 0 4.18 -44.704 4.284 0.33 044.9088 b_quark 0 4.18 -6.096 56.916 6.27 057.2415
540 b_quark 0 4.18 -0.68 -18.414 -44.576 018.4266 b_quark 0 4.18 -3.32 -49.786 -35.024 049.8966
541 W_boson 1 80.38 43.38 -0.87 -0.29 043.3887 W_boson 1 80.38 4.82 -16.53 -5.51 017.2184
542 b_quark 0 4.18 65.527 0.522 -11.76 065.5291 b_quark 0 4.18 19.573 16.878 -47.04 025.8451
543 b_quark 0 4.18 -1.86 0.696 -23.268 01.98595 b_quark 0 4.18 -1.24 5.104 -59.832 05.25247
544 W_boson 1 80.38 33.22 36.828 -8.04 049.5971 W_boson 1 80.38 42.28 46.872 -58.96 063.1236
545 b_quark 0 4.18 -10.608 9.06 -61.952 013.9504 b_quark 0 4.18 -30.192 81.54 -34.848 086.9501
546 W_boson 1 80.38 -26.564 -17.052 0 031.5661 W_boson 1 80.38 -19.236 -23.548 94.6 030.4061
547 b_quark 0 4.18 -57.321 -0.347 0 057.3221 b_quark 0 4.18 -0.579 -34.353 77.1 034.3579
548 W_boson 1 80.38 -21.024 4.29 20.958 021.4572 W_boson 1 80.38 -22.776 38.61 28.942 044.8272
549 b_quark 0 4.18 1.788 3.232 10.086 03.69361 b_quark 0 4.18 87.612 16.968 2.214 089.24
550 b_quark 0 4.18 -38.997 4.008 -16.936 039.2024 b_quark 0 4.18 -22.903 46.092 -41.464 051.4686
551 W_boson 1 80.38 45.919 24.684 -16.644 052.133 W_boson 1 80.38 51.781 47.916 -70.956 070.5494
552 W_boson 1 80.38 -92.5 -0 0 092.5 W_boson 1 80.38 0 -48.3 58.1 048.3
553 b_quark 0 4.18 37.611 -1.426 -7.035 037.638 b_quark 0 4.18 22.089 -69.874 -13.065 073.2823
554 b_quark 0 4.18 -6.132 1.08 10.404 06.22638 b_quark 0 4.18 -2.268 6.12 76.296 06.52673
555 b_quark 0 4.18 2.187 0.596 -1.275 02.26676 b_quark 0 4.18 0.513 14.304 -7.225 014.3132
556 b_quark 0 4.18 49.84 2.152 19.474 049.8864 b_quark 0 4.18 21.36 51.648 55.426 055.8907
557 b_quark 0 4.18 26.65 -4.11 -32.44 026.9651 b_quark 0 4.18 26.65 -36.99 -48.66 045.5904
558 b_quark 0 4.18 50.7 -14.22 4.598 052.6564 b_quark 0 4.18 33.8 -64.78 16.302 073.0677
559 b_quark 0 4.18 5.04 -2.025 -0.517 05.4316 b_quark 0 4.18 0.96 -38.475 -4.183 038.487
560 b_quark 0 4.18 31.348 -3.366 4.186 031.5282 b_quark 0 4.18 14.752 -34.034 14.014 037.0936
561 b_quark 0 4.18 0.476 -56.35 2.752 056.352 b_quark 0 4.18 2.924 -24.15 14.448 024.3264
562 b_quark 0 4.18 1.7 4.27 76.296 04.59597 b_quark 0 4.18 32.3 56.73 10.404 065.2808
563 b_quark 0 4.18 -1.647 -41.48 -8.99 041.5127 b_quark 0 4.18 -53.253 -19.52 -22.01 056.7178
564 b_quark 0 4.18 34.146 -10.672 5.712 035.7749 b_quark 0 4.18 20.054 -35.728 35.088 040.9714
565 W_boson 1 80.38 -54.9 1.84 22.19 054.9308 W_boson 1 80.38 -36.6 34.96 41.21 050.6138
566 W_boson 1 80.38 7.935 13.965 48.776 016.0619 W_boson 1 80.38 26.565 52.535 38.324 058.8696
567 Tau_lepton 0 1.77 16.497 -0.654 51 016.51 Tau_lepton 0 1.77 18.603 -32.046 49 037.0543
568 b_quark 0 4.18 54.522 8.1 -3.556 055.1204 b_quark 0 4.18 15.378 45.9 -47.244 048.4076
569 Tau_lepton 0 1.77 -13.978 25.789 -0.494 029.3335 Tau_lepton 0 1.77 -10.122 37.111 -48.906 038.4666
570 Tau_lepton 0 1.77 14.616 -4.858 1.562 015.4022 Tau_lepton 0 1.77 2.784 -29.842 76.538 029.9716
571 W_boson 1 80.38 -1.125 9.217 -34.704 09.2854 W_boson 1 80.38 -6.375 61.683 -13.496 062.0116
572 b_quark 0 4.18 12.765 -1.962 -0.957 012.9149 b_quark 0 4.18 5.735 -96.138 -2.343 096.3089
573 W_boson 1 80.38 67.16 1.52 -3.848 067.1772 W_boson 1 80.38 5.84 36.48 -92.352 036.9445
574 b_quark 0 4.18 -21.9 14.076 4.53 026.0335 b_quark 0 4.18 -14.6 27.324 70.97 030.98
575 Tau_lepton 0 1.77 14.955 40.32 -10.296 043.0041 Tau_lepton 0 1.77 84.745 23.68 -36.504 087.9912
576 W_boson 1 80.38 -9.225 39.168 1.323 040.2397 W_boson 1 80.38 -27.675 42.432 3.577 050.6595
577 b_quark 0 4.18 36.852 -3.805 8.856 037.0479 b_quark 0 4.18 7.548 -72.295 64.944 072.688
578 b_quark 0 4.18 -34.645 14.328 2.651 037.4909 b_quark 0 4.18 -18.655 45.372 21.449 049.0574
579 W_boson 1 80.38 -35.696 -1.09 0.31 035.7126 W_boson 1 80.38 -1.104 -53.41 30.69 053.4214
580 b_quark 0 4.18 -12.513 -5.731 -1.242 013.763 b_quark 0 4.18 -16.587 -46.369 -1.458 049.2464
581 W_boson 1 80.38 -32.604 1.324 -15.804 032.6309 W_boson 1 80.38 -9.196 31.776 -71.996 033.0799
582 b_quark 0 4.18 2.443 -11.651 13.312 011.9044 b_quark 0 4.18 32.457 -7.449 28.288 033.3008
583 b_quark 0 4.18 -1.456 -26.901 2.907 026.9404 b_quark 0 4.18 -3.744 -15.799 29.393 016.2366
584 b_quark 0 4.18 -19.215 -18.612 -54.72 026.7511 b_quark 0 4.18 -72.285 -65.988 -41.28 097.8751
585 W_boson 1 80.38 2.223 26.41 0.098 026.5034 W_boson 1 80.38 14.877 43.09 0.102 045.5859
586 b_quark 0 4.18 -2.745 57.72 16.66 057.7852 b_quark 0 4.18 -52.155 38.48 30.94 064.814
587 b_quark 0 4.18 21.028 -3.48 -10.884 021.314 b_quark 0 4.18 54.072 -2.32 -79.816 054.1217
588 b_quark 0 4.18 9.715 5.028 -13.334 010.939 b_quark 0 4.18 23.785 36.872 -9.266 043.8779
589 b_quark 0 4.18 -3.785 -24.192 -36.783 024.4863 b_quark 0 4.18 -71.915 -62.208 -18.117 095.0873
590 Tau_lepton 0 1.77 8.25 25.916 -22.632 027.1975 Tau_lepton 0 1.77 16.75 32.984 -75.768 036.9933
591 b_quark 0 4.18 -18.693 -5.208 19.745 019.4049 b_quark 0 4.18 -41.607 -31.992 16.155 052.4846
592 b_quark 0 4.18 58.297 0.396 1.788 058.2983 b_quark 0 4.18 1.803 39.204 87.612 039.2454
593 Tau_lepton 0 1.77 23.27 -4.123 43.175 023.6324 Tau_lepton 0 1.77 66.23 -17.577 35.325 068.5227
594 W_boson 1 80.38 -2.652 2.736 -10.53 03.81035 W_boson 1 80.38 -0.748 65.664 -47.97 065.6683
595 b_quark 0 4.18 -31.084 -22.4 -21.386 038.3142 b_quark 0 4.18 -50.716 -67.2 -36.414 084.19
596 b_quark 0 4.18 37.611 1.923 22.814 037.6601 b_quark 0 4.18 22.089 62.177 44.286 065.9841
597 b_quark 0 4.18 -51.35 -7 -4.018 051.8249 b_quark 0 4.18 -13.65 -93 -24.682 093.9964
598 b_quark 0 4.18 38.61 -5.25 -0.672 038.9653 b_quark 0 4.18 10.89 -47.25 -4.928 048.4887
599 b_quark 0 4.18 -31.968 -0.016 -2.88 031.968 b_quark 0 4.18 -67.932 -0.384 -1.62 067.9331
600 b_quark 0 4.18 24.984 3.864 26.376 025.281 b_quark 0 4.18 44.416 44.436 20.724 062.8279
601 b_quark 0 4.18 15.582 1.444 -0 015.6488 b_quark 0 4.18 0.318 70.756 -64.6 070.7567
602 b_quark 0 4.18 -27.328 32.904 -7.872 042.7726 b_quark 0 4.18 -58.072 58.496 -16.728 082.4266
603 b_quark 0 4.18 19.952 -1.386 43.794 020.0001 b_quark 0 4.18 26.448 -44.814 37.306 052.0364
604 b_quark 0 4.18 44.2 -8.85 -0.81 045.0773 b_quark 0 4.18 23.8 -20.65 -15.39 031.5097
605 b_quark 0 4.18 -54.586 0.259 -0.937 054.5866 b_quark 0 4.18 -1.114 25.641 -92.763 025.6652
606 b_quark 0 4.18 4.544 2.1 28.241 05.00579 b_quark 0 4.18 2.556 39.9 62.859 039.9818
607 b_quark 0 4.18 -35.303 2.83 18.236 035.4162 b_quark 0 4.18 -46.797 25.47 20.564 053.2793
608 b_quark 0 4.18 -4.896 -48.501 -0.96 048.7475 b_quark 0 4.18 -23.904 -46.599 -2.04 052.3724
609 b_quark 0 4.18 -2.123 1.2 -24.219 02.43867 b_quark 0 4.18 -17.177 1.2 -37.881 017.2189
610 b_quark 0 4.18 -39.474 -2.275 28.512 039.5395 b_quark 0 4.18 -37.926 -43.225 36.288 057.5046
611 b_quark 0 4.18 -4.698 56.492 10.857 056.687 b_quark 0 4.18 -47.502 40.908 22.043 062.689
612 b_quark 0 4.18 23.328 -38.22 25.432 044.7768 b_quark 0 4.18 63.072 -59.78 49.368 086.9007
613 b_quark 0 4.18 -9.625 -2.673 -14.964 09.98927 b_quark 0 4.18 -77.875 -86.427 -2.436 0116.336
614 W_boson 1 80.38 4.686 60.996 1.755 061.1757 W_boson 1 80.38 16.614 27.404 17.745 032.0469
615 b_quark 0 4.18 73.575 -4.01 16.84 073.6842 b_quark 0 4.18 24.525 -76.19 67.36 080.0399
616 Tau_lepton 0 1.77 12.912 -1.518 -8.49 013.0009 Tau_lepton 0 1.77 40.888 -1.782 -19.81 040.9268
617 b_quark 0 4.18 66.65 -1.788 -10.356 066.674 b_quark 0 4.18 10.85 -87.612 -75.944 088.2813
618 b_quark 0 4.18 -58.183 -3.786 -10.043 058.306 b_quark 0 4.18 -11.917 -59.314 -81.257 060.4993
619 b_quark 0 4.18 6.534 5.445 30.789 08.50536 b_quark 0 4.18 23.166 6.655 62.511 024.103
620 b_quark 0 4.18 71.799 -0.61 -3.178 071.8016 b_quark 0 4.18 7.101 -29.89 -42.222 030.7219
621 b_quark 0 4.18 -56.966 -0.696 -4.448 056.9703 b_quark 0 4.18 -5.634 -68.904 -51.152 069.134
622 b_quark 0 4.18 29.295 3.328 12.036 029.4834 b_quark 0 4.18 35.805 79.872 11.564 087.5302
623 W_boson 1 80.38 -63.28 -10.836 6.8 064.2011 W_boson 1 80.38 -15.82 -79.464 78.2 081.0235
624 b_quark 0 4.18 -2.743 -1.836 -4.356 03.30075 b_quark 0 4.18 -18.357 -1.764 -7.744 018.4416
625 Tau_lepton 0 1.77 17.442 -23.49 6.786 029.2575 Tau_lepton 0 1.77 33.858 -63.51 10.614 071.9714
626 b_quark 0 4.18 27.924 0.861 -2.184 027.9373 b_quark 0 4.18 25.776 1.239 -29.016 025.8058
627 W_boson 1 80.38 22.12 -17.901 -3.807 028.4559 W_boson 1 80.38 33.18 -17.199 -38.493 037.3727
628 b_quark 0 4.18 7.434 60.512 -2.436 060.9669 b_quark 0 4.18 75.166 37.088 -5.964 083.8179
629 b_quark 0 4.18 10.524 60.736 13.152 061.641 b_quark 0 4.18 77.176 34.164 41.648 084.3997
630 b_quark 0 4.18 9.4 3.85 -4.9 010.1579 b_quark 0 4.18 14.1 3.15 -93.1 014.4476
631 W_boson 1 80.38 -4.968 7.521 4.823 09.01368 W_boson 1 80.38 -15.732 3.379 64.077 016.0908
632 b_quark 0 4.18 -21.515 0.516 -3.074 021.5212 b_quark 0 4.18 -11.585 8.084 -7.526 014.1267
633 b_quark 0 4.18 -12.168 -26.567 -20.384 029.221 b_quark 0 4.18 -81.432 -59.133 -16.016 0100.637
634 W_boson 1 80.38 18.612 -3.448 46.872 018.9287 W_boson 1 80.38 37.788 -82.752 27.528 090.9716
635 W_boson 1 80.38 42.275 -0.854 -1.89 042.2836 W_boson 1 80.38 2.225 -41.846 -61.11 041.9051
636 Tau_lepton 0 1.77 -34.68 -11.83 1.3 036.6422 Tau_lepton 0 1.77 -52.02 -21.97 3.9 056.4691
637 b_quark 0 4.18 -30.442 23.766 -3.548 038.6204 b_quark 0 4.18 -18.658 46.134 -85.152 049.7641
638 b_quark 0 4.18 -26.182 27.807 -6.8 038.1933 b_quark 0 4.18 -23.218 61.893 -35.7 066.1046
639 b_quark 0 4.18 -2.501 10.791 10.894 011.077 b_quark 0 4.18 -3.599 21.909 31.006 022.2026
640 W_boson 1 80.38 -3.537 -0.462 54.883 03.56705 W_boson 1 80.38 -9.563 -22.638 22.417 024.575
641 b_quark 0 4.18 -37.28 26.486 -15.334 045.7308 b_quark 0 4.18 -55.92 43.214 -54.366 070.6717
642 b_quark 0 4.18 -12.78 -15.87 26.125 020.3761 b_quark 0 4.18 -72.42 -37.03 21.375 081.338
643 Z_boson 1 91.18 15.633 14.685 3.654 021.4485 Z_boson 1 91.18 42.267 12.015 16.646 043.9415
644 Tau_lepton 0 1.77 29.512 14.256 -9.898 032.7749 Tau_lepton 0 1.77 13.888 64.944 -60.802 066.4123
645 b_quark 0 4.18 -4.735 -12.753 -9.464 013.6036 b_quark 0 4.18 -89.965 -19.947 -7.436 092.1498
646 b_quark 0 4.18 30.974 -5.148 17.523 031.3989 b_quark 0 4.18 60.126 -8.052 47.377 060.6628
647 b_quark 0 4.18 55.496 -1.68 -19 055.5214 b_quark 0 4.18 43.604 -40.32 -28.5 059.3886
648 b_quark 0 4.18 -11.123 12.546 -4.48 016.7667 b_quark 0 4.18 -11.577 18.054 -40.32 021.447
649 W_boson 1 80.38 20.458 11.7 6.304 023.5673 W_boson 1 80.38 18.142 66.3 13.396 068.7373
650 b_quark 0 4.18 48.906 16.617 3.37 051.6519 b_quark 0 4.18 25.194 40.683 64.03 047.8523
651 b_quark 0 4.18 28.7 22.59 0 036.5239 b_quark 0 4.18 12.3 52.71 34.1 054.1261
652 b_quark 0 4.18 23.352 -16.772 -19.41 028.7509 b_quark 0 4.18 32.248 -43.128 -45.29 053.8513
653 b_quark 0 4.18 72.001 -3.949 0 072.1092 b_quark 0 4.18 8.899 -31.951 83 033.1671
654 b_quark 0 4.18 -67.235 -4.432 3.591 067.3809 b_quark 0 4.18 -11.865 -50.968 47.709 052.3308
655 b_quark 0 4.18 -6.75 -6.944 -10.665 09.68409 b_quark 0 4.18 -8.25 -17.856 -28.835 019.6698
656 b_quark 0 4.18 38.012 -38.458 -5.712 054.0734 b_quark 0 4.18 50.388 -55.342 -29.988 074.8444
657 Tau_lepton 0 1.77 9.261 24.209 16.416 025.9199 Tau_lepton 0 1.77 34.839 32.091 29.184 047.3665
658 b_quark 0 4.18 -21.6 6.272 -0.45 022.4922 b_quark 0 4.18 -2.4 83.328 -14.55 083.3626
659 Z_boson 1 91.18 -8.124 -1.274 -14.8 08.22329 Z_boson 1 91.18 -59.576 -7.826 -5.2 060.0878
660 b_quark 0 4.18 21.216 -8.532 0.161 022.8673 b_quark 0 4.18 9.984 -86.268 0.539 086.8438
661 W_boson 1 80.38 -4.439 -0.679 19.6 04.49063 W_boson 1 80.38 -14.861 -9.021 8.4 017.3847
662 W_boson 1 80.38 -1.06 -37.582 -6.258 037.5969 W_boson 1 80.38 -4.24 -61.318 -8.642 061.4644
663 b_quark 0 4.18 -11.252 19.888 19.44 022.8504 b_quark 0 4.18 -27.548 25.312 52.56 037.4111
664 b_quark 0 4.18 11.438 -10.314 24.704 015.4015 b_quark 0 4.18 70.262 -8.786 52.496 070.8092
665 b_quark 0 4.18 -2.451 -2.808 1.638 03.72723 b_quark 0 4.18 -10.449 -12.792 0.962 016.5172
666 W_boson 1 80.38 9.024 -1.976 3.344 09.23781 W_boson 1 80.38 0.576 -96.824 80.256 096.8257
667 b_quark 0 4.18 -25.032 17.168 -1.946 030.3536 b_quark 0 4.18 -64.368 12.432 -11.954 065.5576
668 b_quark 0 4.18 5.376 0.396 0.37 05.39057 b_quark 0 4.18 17.024 19.404 0.13 025.8134
669 W_boson 1 80.38 6.456 -5.53 -5.654 08.50064 W_boson 1 80.38 74.244 -2.37 -20.046 074.2818
670 b_quark 0 4.18 3.066 -3.404 8.4 04.58122 b_quark 0 4.18 40.734 -11.396 3.6 042.2981
671 b_quark 0 4.18 38.112 -2.193 -0.22 038.175 b_quark 0 4.18 1.588 -70.907 -21.78 070.9248
672 b_quark 0 4.18 -64.33 16.614 3.932 066.4408 b_quark 0 4.18 -27.57 47.286 94.368 054.7364
673 W_boson 1 80.38 2.674 2.682 57.45 03.78727 W_boson 1 80.38 35.526 12.218 19.15 037.5683
674 b_quark 0 4.18 -17.936 -9.212 -7.67 020.1634 b_quark 0 4.18 -5.664 -56.588 -69.03 056.8708
675 b_quark 0 4.18 -40.248 -8.305 2.479 041.0959 b_quark 0 4.18 -37.152 -67.195 4.221 076.7818
676 W_boson 1 80.38 -28.32 -0.296 -15.159 028.3215 W_boson 1 80.38 -60.18 -0.504 -33.741 060.1821
677 b_quark 0 4.18 -43.624 -0.251 -14.892 043.6247 b_quark 0 4.18 -9.576 -24.849 -72.708 026.6303
678 b_quark 0 4.18 13.398 14.415 -13.664 019.6799 b_quark 0 4.18 32.802 81.685 -10.736 088.0251
679 b_quark 0 4.18 -0.624 60.939 -0 060.9422 b_quark 0 4.18 -0.976 38.961 -92.3 038.9732
680 b_quark 0 4.18 2.598 55.05 10.887 055.1113 b_quark 0 4.18 40.702 18.35 46.413 044.6472
681 W_boson 1 80.38 15.456 -1.836 -11.746 015.5647 W_boson 1 80.38 2.944 -89.964 -72.154 090.0122
682 b_quark 0 4.18 -72.891 -2.672 4.053 072.94 b_quark 0 4.18 -9.009 -64.128 53.847 064.7577
683 b_quark 0 4.18 -16.125 5.764 -13.609 017.1242 b_quark 0 4.18 -48.375 7.336 -30.291 048.9281
684 Tau_lepton 0 1.77 11.56 10.231 -35.861 015.4372 Tau_lepton 0 1.77 17.34 68.469 -40.439 070.6306
685 Tau_lepton 0 1.77 9.246 -0.48 26.738 09.25845 Tau_lepton 0 1.77 4.554 -11.52 65.462 012.3875
686 b_quark 0 4.18 -7.458 29.7 -13.501 030.6221 b_quark 0 4.18 -60.342 15.3 -45.199 062.2515
687 b_quark 0 4.18 49.896 -3.94 -11.31 050.0513 b_quark 0 4.18 25.704 -74.86 -27.69 079.15
688 W_boson 1 80.38 -9.345 51.68 6.987 052.5181 W_boson 1 80.38 -52.955 24.32 34.113 058.2726
689 b_quark 0 4.18 58.28 0.092 -2.232 058.2801 b_quark 0 4.18 3.72 4.508 -53.568 05.8447
690 b_quark 0 4.18 -38.24 33.796 -5.98 051.034 b_quark 0 4.18 -57.36 65.604 -17.02 087.1439
691 b_quark 0 4.18 -62.567 6.398 -3.828 062.8933 b_quark 0 4.18 -7.733 85.002 -91.872 085.353
692 b_quark 0 4.18 28.944 -9.696 -6.417 030.5249 b_quark 0 4.18 14.256 -30.704 -64.883 033.8522
693 Tau_lepton 0 1.77 -0.708 6.24 29.38 06.28004 Tau_lepton 0 1.77 -22.892 13.26 15.82 026.4551
694 b_quark 0 4.18 -3.06 -32.964 -40.284 033.1057 b_quark 0 4.18 -58.14 -47.436 -34.316 075.0362
695 W_boson 1 80.38 -22.32 -3.206 7.111 022.5491 W_boson 1 80.38 -5.58 -42.594 47.589 042.9579
696 Tau_lepton 0 1.77 -31.691 8.304 10.374 032.7609 Tau_lepton 0 1.77 -15.609 60.896 39.026 062.8646
697 b_quark 0 4.18 6.319 -3.348 13.889 07.15114 b_quark 0 4.18 2.581 -24.552 67.811 024.6873
698 b_quark 0 4.18 9.728 40.824 32.331 041.967 b_quark 0 4.18 41.472 56.376 50.569 069.987
699 W_boson 1 80.38 -53.885 -0.022 1.53 053.885 W_boson 1 80.38 -29.015 -2.178 2.97 029.0966
700 b_quark 0 4.18 56.84 6.672 -12.298 057.2302 b_quark 0 4.18 41.16 35.028 -35.002 054.0473
701 b_quark 0 4.18 9.416 10.56 -0 014.1483 b_quark 0 4.18 1.284 77.44 -94.4 077.4506
702 b_quark 0 4.18 6.576 -20.7 -52.248 021.7194 b_quark 0 4.18 75.624 -36.8 -41.052 084.1025
703 Z_boson 1 91.18 -39.258 7.57 8.856 039.9812 Z_boson 1 91.18 -33.442 68.13 15.744 075.8951
704 W_boson 1 80.38 -0.539 10.385 -36.482 010.399 W_boson 1 80.38 -4.361 23.115 -26.418 023.5228
705 b_quark 0 4.18 6.874 63.726 -3.612 064.0957 b_quark 0 4.18 91.326 10.374 -47.988 091.9133
706 W_boson 1 80.38 -39.83 -4.575 3.58 040.0919 W_boson 1 80.38 -17.07 -13.725 68.02 021.9034
707 W_boson 1 80.38 1.67 17.784 34.416 017.8622 W_boson 1 80.38 81.83 50.616 13.384 096.2192
708 b_quark 0 4.18 11.799 -44.206 32.27 045.7535 b_quark 0 4.18 50.301 -51.894 59.93 072.2716
709 Tau_lepton 0 1.77 -17.226 3.813 -0.138 017.643 Tau_lepton 0 1.77 -12.474 5.487 -13.662 013.6275
710 b_quark 0 4.18 -16.6 1.542 -11.001 016.6715 b_quark 0 4.18 -24.9 49.858 -8.299 055.73
711 b_quark 0 4.18 -1.974 -5.1 -22.62 05.4687 b_quark 0 4.18 -7.426 -5.1 -55.38 09.00863
712 b_quark 0 4.18 -44.15 -17.86 -10.44 047.6256 b_quark 0 4.18 -44.15 -71.44 -24.36 083.9815
713 Tau_lepton 0 1.77 -58.978 -24.076 -0 063.7029 Tau_lepton 0 1.77 -20.722 -68.524 -54.3 071.5887
714 b_quark 0 4.18 -23.504 -6.391 -57.955 024.3574 b_quark 0 4.18 -66.896 -84.909 -28.545 0108.095
715 W_boson 1 80.38 -63.375 -4.86 5.278 063.5611 W_boson 1 80.38 -34.125 -76.14 12.922 083.4375
716 b_quark 0 4.18 -27.692 -4.17 -4.077 028.0042 b_quark 0 4.18 -4.508 -79.23 -41.223 079.3581
717 b_quark 0 4.18 18.656 -6.12 -3.456 019.6342 b_quark 0 4.18 23.744 -70.38 -3.744 074.2773
718 Tau_lepton 0 1.77 -2.079 -5.135 0.912 05.5399 Tau_lepton 0 1.77 -4.221 -2.765 44.688 05.046
719 Tau_lepton 0 1.77 -1.126 -70.956 -1.8 070.9649 Tau_lepton 0 1.77 -55.174 -26.244 -5.4 061.0976
720 b_quark 0 4.18 -7.608 13.224 -13.019 015.2563 b_quark 0 4.18 -24.092 32.376 -14.681 040.3563
721 Tau_lepton 0 1.77 4.785 13.648 -32.153 014.4625 Tau_lepton 0 1.77 90.915 71.652 -8.547 0115.756
722 b_quark 0 4.18 16.107 -10.341 -2.756 019.1408 b_quark 0 4.18 60.593 -27.959 -2.544 066.7324
723 b_quark 0 4.18 -37.884 -26.136 -2.075 046.0249 b_quark 0 4.18 -54.516 -22.264 -39.425 058.887
724 b_quark 0 4.18 -6.072 -13.794 -0.453 015.0713 b_quark 0 4.18 -12.328 -7.106 -44.847 014.2294
725 b_quark 0 4.18 5.379 -1.02 45.604 05.47486 b_quark 0 4.18 10.921 -5.78 42.096 012.3562
726 b_quark 0 4.18 -6.344 45.44 1.041 045.8807 b_quark 0 4.18 -18.056 18.56 33.659 025.8939
727 W_boson 1 80.38 -16.864 -35.64 1.738 039.4285 W_boson 1 80.38 -32.736 -29.16 14.062 043.8401
728 b_quark 0 4.18 7.424 2.976 8.364 07.99827 b_quark 0 4.18 4.176 9.424 61.336 010.3078
729 b_quark 0 4.18 -26.52 -3.852 -36.12 026.7983 b_quark 0 4.18 -51.48 -60.348 -24.08 079.3226
730 Tau_lepton 0 1.77 5.679 -60.35 11.62 060.6166 Tau_lepton 0 1.77 57.421 -24.65 46.48 062.4883
731 b_quark 0 4.18 0.168 -3.105 -0.097 03.10954 b_quark 0 4.18 0.032 -17.595 -9.603 017.595
732 b_quark 0 4.18 -4.4 6.396 -34.32 07.7633 b_quark 0 4.18 -6.6 46.904 -37.18 047.3661
733 W_boson 1 80.38 47.712 -13.485 4.788 049.581 W_boson 1 80.38 19.488 -76.415 29.412 078.8609
734 W_boson 1 80.38 28.911 -6.408 4.617 029.6126 W_boson 1 80.38 12.989 -46.992 19.683 048.7541
735 b_quark 0 4.18 -6.348 14.269 -7.428 015.6173 b_quark 0 4.18 -2.852 60.831 -54.472 060.8978
736 b_quark 0 4.18 -17.71 -20.72 -7.216 027.2573 b_quark 0 4.18 -62.79 -8.88 -82.984 063.4148
737 Tau_lepton 0 1.77 10.925 -45.436 -1.02 046.731 Tau_lepton 0 1.77 36.575 -15.964 -32.98 039.9071
738 b_quark 0 4.18 13.706 -0.552 -13.787 013.7171 b_quark 0 4.18 84.194 -0.248 -67.313 084.1944
739 b_quark 0 4.18 -44.52 15.6 -2.328 047.174 b_quark 0 4.18 -34.98 62.4 -7.372 071.5357
740 W_boson 1 80.38 -37.06 1.173 -2.712 037.0786 W_boson 1 80.38 -6.54 37.927 -19.888 038.4867
741 b_quark 0 4.18 -4.284 -1.634 7.783 04.58504 b_quark 0 4.18 -26.316 -2.166 10.317 026.405
742 b_quark 0 4.18 -22.968 54.824 0.512 059.4407 b_quark 0 4.18 -40.832 43.076 5.888 059.3531
743 b_quark 0 4.18 4.44 -7.56 -5.395 08.76739 b_quark 0 4.18 51.06 -76.44 -1.105 091.925
744 b_quark 0 4.18 -54.94 -24.388 4.805 060.1097 b_quark 0 4.18 -27.06 -62.712 91.295 068.3011
745 W_boson 1 80.38 -69.732 0.392 -5.784 069.7331 W_boson 1 80.38 -19.668 2.408 -66.516 019.8149
746 b_quark 0 4.18 13.923 12.742 -37.81 018.8735 b_quark 0 4.18 21.777 42.658 -61.69 047.8951
747 b_quark 0 4.18 3.456 1.52 -37.814 03.77549 b_quark 0 4.18 18.144 13.68 -13.286 022.7233
748 Z_boson 1 91.18 -53.682 -4.135 -4.394 053.841 Z_boson 1 91.18 -24.118 -78.565 -12.506 082.1836
749 b_quark 0 4.18 28.152 -2.754 19.024 028.2864 b_quark 0 4.18 50.048 -43.146 13.776 066.0786
750 b_quark 0 4.18 -31.535 -1.65 3.406 031.5781 b_quark 0 4.18 -5.565 -80.85 22.794 081.0413
751 Z_boson 1 91.18 39.032 -9.979 28.392 040.2874 Z_boson 1 91.18 56.168 -48.721 39.208 074.3544
752 b_quark 0 4.18 -8.19 -7.497 -0 011.1032 b_quark 0 4.18 -0.81 -75.803 -94 075.8073
753 W_boson 1 80.38 -38.13 5.358 8.868 038.5046 W_boson 1 80.38 -54.87 6.042 65.032 055.2017
754 b_quark 0 4.18 -9.597 12.988 3.78 016.149 b_quark 0 4.18 -36.103 25.212 4.62 044.0349
755 Z_boson 1 91.18 47.736 -9 -0.345 048.577 Z_boson 1 91.18 18.564 -27 -11.155 032.7662
756 b_quark 0 4.18 0.138 -43.665 -5.252 043.6652 b_quark 0 4.18 4.462 -17.835 -14.948 018.3847
757 b_quark 0 4.18 -86.211 2.784 -0.591 086.2559 b_quark 0 4.18 -6.489 66.816 -19.109 067.1304
758 b_quark 0 4.18 48.3 0.61 7.53 048.3039 b_quark 0 4.18 21.7 60.39 17.57 064.1704
759 W_boson 1 80.38 13.734 71.592 -7.67 072.8974 W_boson 1 80.38 84.366 22.608 -69.03 087.3427
760 b_quark 0 4.18 -66.555 10.109 -2.232 067.3183 b_quark 0 4.18 -11.745 81.791 -53.568 082.63
761 b_quark 0 4.18 83.7 -1.35 -0.724 083.7109 b_quark 0 4.18 9.3 -21.15 -17.376 023.1044
762 b_quark 0 4.18 1.089 -74.936 15.624 074.9439 b_quark 0 4.18 35.211 -23.664 58.776 042.424
763 b_quark 0 4.18 -29.232 -7.95 -3.024 030.2938 b_quark 0 4.18 -40.368 -18.55 -7.776 044.4261
764 W_boson 1 80.38 -11.1 -5.642 -9.228 012.4516 W_boson 1 80.38 -3.9 -34.658 -67.672 034.8767
765 b_quark 0 4.18 -8.436 -9.492 -1.824 012.699 b_quark 0 4.18 -2.964 -58.308 -13.376 058.3833
766 b_quark 0 4.18 -16.544 42.294 -0 045.4146 b_quark 0 4.18 -18.656 37.506 -9.1 041.8897
767 W_boson 1 80.38 33.53 -0.452 19.341 033.533 W_boson 1 80.38 62.27 -22.148 11.359 066.0915
768 b_quark 0 4.18 -20.24 -40.02 0.77 044.8471 b_quark 0 4.18 -25.76 -46.98 6.93 053.5789
769 b_quark 0 4.18 -53.44 -0.693 -0.798 053.4445 b_quark 0 4.18 -30.06 -1.407 -25.802 030.0929
770 W_boson 1 80.38 7.7 1.96 13.855 07.94554 W_boson 1 80.38 69.3 37.24 2.445 078.6722
771 b_quark 0 4.18 6.435 -44.014 5.712 044.4819 b_quark 0 4.18 13.065 -30.586 65.688 033.2595
772 b_quark 0 4.18 21.89 -30.73 8.99 037.7294 b_quark 0 4.18 17.91 -57.07 80.91 059.8143
773 b_quark 0 4.18 37.24 -1.737 12.855 037.2805 b_quark 0 4.18 11.76 -17.563 72.845 021.1366
774 b_quark 0 4.18 -1.48 46.242 13.056 046.2657 b_quark 0 4.18 -28.12 27.158 27.744 039.0934
775 b_quark 0 4.18 -10.286 -7.525 8.596 012.7447 b_quark 0 4.18 -17.514 -13.975 22.104 022.4063
776 b_quark 0 4.18 30.476 -16.441 12.831 034.6279 b_quark 0 4.18 49.724 -23.659 48.269 055.0656
777 b_quark 0 4.18 -2.88 -27.36 -21.088 027.5112 b_quark 0 4.18 -33.12 -18.24 -44.812 037.8105
778 b_quark 0 4.18 10.268 4.382 21.45 011.1639 b_quark 0 4.18 4.832 58.218 64.35 058.4182
779 W_boson 1 80.38 0.436 68.992 -3.124 068.9934 W_boson 1 80.38 43.164 9.408 -25.276 044.1774
780 Tau_lepton 0 1.77 5.252 -44.749 -0.482 045.0561 Tau_lepton 0 1.77 14.948 -16.551 -47.718 022.302
781 W_boson 1 80.38 57.955 -10.143 4.884 058.8359 W_boson 1 80.38 28.545 -38.157 35.816 047.6526
782 b_quark 0 4.18 68.11 0.116 0.541 068.1101 b_quark 0 4.18 1.39 11.484 53.559 011.5678
783 Tau_lepton 0 1.77 1.131 31.878 30.545 031.8981 Tau_lepton 0 1.77 7.569 37.422 43.955 038.1798
784 b_quark 0 4.18 -17.017 0.044 0.35 017.0171 b_quark 0 4.18 -1.683 2.156 4.65 02.73511
785 b_quark 0 4.18 56.4 0.511 18.81 056.4023 b_quark 0 4.18 14.1 50.589 80.19 052.5172
786 b_quark 0 4.18 40.764 -8.749 0.665 041.6923 b_quark 0 4.18 6.636 -58.551 65.835 058.9259
787 b_quark 0 4.18 -23.154 32.435 0.257 039.8514 b_quark 0 4.18 -44.946 17.465 25.443 048.22
788 b_quark 0 4.18 -7.501 23.368 38.335 024.5424 b_quark 0 4.18 -50.199 27.432 55.165 057.2054
789 b_quark 0 4.18 0.878 5.672 -41.678 05.73955 b_quark 0 4.18 86.922 65.228 -4.122 0108.674
790 W_boson 1 80.38 -24.44 6.632 9.92 025.3238 W_boson 1 80.38 -22.56 76.268 14.88 079.5347
791 b_quark 0 4.18 61.456 -0.584 -2.076 061.4588 b_quark 0 4.18 5.344 -14.016 -49.824 015.0002
792 W_boson 1 80.38 31.758 -1.38 -7.73 031.788 W_boson 1 80.38 15.642 -4.62 -69.57 016.31
793 b_quark 0 4.18 1.664 -45.39 -37.935 045.4205 b_quark 0 4.18 39.936 -43.61 -46.365 059.133
794 b_quark 0 4.18 12.096 -22.857 -6.453 025.8603 b_quark 0 4.18 63.504 -17.243 -17.447 065.8033
795 b_quark 0 4.18 -21.23 -13.972 7.85 025.4151 b_quark 0 4.18 -75.27 -35.928 7.85 083.405
796 b_quark 0 4.18 9.691 -5.616 -3.55 011.2007 b_quark 0 4.18 78.409 -25.584 -1.45 082.4773
797 b_quark 0 4.18 3.185 -37.2 -2.445 037.3361 b_quark 0 4.18 5.915 -24.8 -46.455 025.4956
798 b_quark 0 4.18 -32.45 15.694 -4.844 036.0459 b_quark 0 4.18 -26.55 25.606 -64.356 036.8859
799 b_quark 0 4.18 55.89 0.405 -8.352 055.8915 b_quark 0 4.18 6.21 40.095 -84.448 040.5731
800 b_quark 0 4.18 -27.951 4.489 -0 028.3092 b_quark 0 4.18 -56.749 2.211 -1.2 056.7921
801 W_boson 1 80.38 6.8 2.574 40.81 07.27086 W_boson 1 80.38 78.2 9.126 17.49 078.7307
802 b_quark 0 4.18 -14.025 0.065 -11.44 014.0252 b_quark 0 4.18 -4.675 1.235 -45.76 04.83537
803 b_quark 0 4.18 65.688 0.372 -21.57 065.6891 b_quark 0 4.18 30.912 18.228 -50.33 035.8861
804 b_quark 0 4.18 2.992 44.99 31.939 045.0894 b_quark 0 4.18 71.808 36.81 45.961 080.693
805 b_quark 0 4.18 -6 16.56 3.052 017.6134 b_quark 0 4.18 -19 7.44 40.548 020.4047
806 b_quark 0 4.18 -30.007 -3.744 30.81 030.2397 b_quark 0 4.18 -51.093 -11.856 48.19 052.4505
807 b_quark 0 4.18 71.427 2.394 -1.644 071.4671 b_quark 0 4.18 10.673 31.806 -25.756 033.549
808 b_quark 0 4.18 8.19 8.806 1.69 012.0259 b_quark 0 4.18 3.51 42.994 11.31 043.137
809 b_quark 0 4.18 -47.1 -17.825 5.292 050.3601 b_quark 0 4.18 -31.4 -39.675 53.508 050.5971
810 Tau_lepton 0 1.77 -11.834 7.902 -13.503 014.2297 Tau_lepton 0 1.77 -7.566 35.998 -50.797 036.7845
811 b_quark 0 4.18 7.854 48.6 13.554 049.2305 b_quark 0 4.18 27.846 32.4 61.746 042.7219
812 b_quark 0 4.18 6.969 56.682 6.25 057.1088 b_quark 0 4.18 23.331 27.918 56.25 036.3834
813 b_quark 0 4.18 -30.42 -25.284 -14.98 039.5557 b_quark 0 4.18 -28.08 -65.016 -59.92 070.8207
814 W_boson 1 80.38 8.505 -2.535 24.85 08.87475 W_boson 1 80.38 22.995 -81.965 10.65 085.1295
815 b_quark 0 4.18 -85.347 3.372 8.325 085.4136 b_quark 0 4.18 -12.753 80.928 84.175 081.9267
816 W_boson 1 80.38 33.534 -28.266 4.248 043.8577 W_boson 1 80.38 39.366 -39.034 31.152 055.4377
817 b_quark 0 4.18 -5.551 22.542 39.471 023.2154 b_quark 0 4.18 -73.749 43.758 27.429 085.7536
818 b_quark 0 4.18 0.252 -0.45 -17.963 00.515756 b_quark 0 4.18 0.648 -44.55 -7.337 044.5547
819 b_quark 0 4.18 -9.542 -45.695 6.561 046.6806 b_quark 0 4.18 -27.158 -24.605 66.339 036.6465
820 W_boson 1 80.38 -4.565 -4.475 -15.72 06.39256 W_boson 1 80.38 -3.735 -85.025 -23.58 085.107
821 b_quark 0 4.18 -12.312 -4.14 14.48 012.9894 b_quark 0 4.18 -4.788 -30.36 76.02 030.7352
822 b_quark 0 4.18 -22.591 4.6 -24.531 023.0546 b_quark 0 4.18 -32.509 18.4 -38.369 037.355
823 b_quark 0 4.18 -17.708 -0.086 11 017.7082 b_quark 0 4.18 -5.592 -4.214 39 07.00202
824 b_quark 0 4.18 -7.832 27.269 -9.061 028.3714 b_quark 0 4.18 -27.768 46.431 -13.039 054.1008
825 W_boson 1 80.38 13.11 0.084 -1.888 013.1103 W_boson 1 80.38 0.69 8.316 -45.312 08.34458
826 b_quark 0 4.18 49.79 10.272 -8.512 050.8385 b_quark 0 4.18 26.81 53.928 -36.288 060.2246
827 b_quark 0 4.18 -0.621 4 18.352 04.04792 b_quark 0 4.18 -61.479 12 6.448 062.6392
828 W_boson 1 80.38 55.3 -2.865 -7.272 055.3742 W_boson 1 80.38 14.7 -92.635 -33.128 093.7941
829 W_boson 1 80.38 -14.909 0.445 34.008 014.9156 W_boson 1 80.38 -72.791 8.455 9.592 073.2804
830 b_quark 0 4.18 23.725 6.318 1.834 024.5518 b_quark 0 4.18 8.775 42.282 11.266 043.183
831 b_quark 0 4.18 -12.105 10.12 36.27 015.778 b_quark 0 4.18 -68.595 33.88 22.23 076.5057
832 b_quark 0 4.18 20.6 -0 0 020.6 b_quark 0 4.18 0 -62.4 89.9 062.4
833 b_quark 0 4.18 13.275 -14.512 2.421 019.6678 b_quark 0 4.18 4.425 -76.188 24.479 076.3164
834 b_quark 0 4.18 -50.73 -3.055 1.33 050.8219 b_quark 0 4.18 -38.27 -58.045 2.17 069.5256
835 W_boson 1 80.38 6.028 68.094 -9.361 068.3603 W_boson 1 80.38 48.772 19.206 -75.739 052.4173
836 b_quark 0 4.18 31.482 6.224 2.542 032.0913 b_quark 0 4.18 27.918 32.676 5.658 042.9783
837 W_boson 1 80.38 0.403 37.789 31.28 037.7911 W_boson 1 80.38 2.697 33.511 60.72 033.6194
838 b_quark 0 4.18 -0.552 16.472 1.77 016.4812 b_quark 0 4.18 -1.748 6.728 33.63 06.95137
839 b_quark 0 4.18 53.489 7.152 -0.372 053.965 b_quark 0 4.18 6.611 82.248 -12.028 082.5133
840 b_quark 0 4.18 3.68 43.296 4.61 043.4521 b_quark 0 4.18 42.32 9.504 41.49 043.3741
841 b_quark 0 4.18 -25.602 1.353 -4.176 025.6377 b_quark 0 4.18 -24.598 2.747 -21.924 024.7509
842 W_boson 1 80.38 -57.974 2.976 13.035 058.0503 W_boson 1 80.38 -12.726 96.224 73.865 097.0619
843 b_quark 0 4.18 43.043 0.262 4.784 043.0438 b_quark 0 4.18 4.257 25.938 55.016 026.285
844 b_quark 0 4.18 26.605 9.95 1.375 028.4047 b_quark 0 4.18 4.695 89.55 26.125 089.673
845 b_quark 0 4.18 -55.38 0.838 -5.859 055.3863 b_quark 0 4.18 -22.62 41.062 -15.841 046.8802
846 W_boson 1 80.38 27.966 6.79 9.248 028.7785 W_boson 1 80.38 19.434 90.21 17.952 092.2796
847 W_boson 1 80.38 59.328 -1.897 -9.628 059.3583 W_boson 1 80.38 33.372 -25.203 -23.572 041.8196
848 W_boson 1 80.38 -9.24 -5.005 -18.522 010.5085 W_boson 1 80.38 -74.76 -9.295 -15.778 075.3356
849 b_quark 0 4.18 10.564 2.649 10.269 010.8911 b_quark 0 4.18 3.336 85.651 38.631 085.7159
850 b_quark 0 4.18 27.429 31.1 -5.184 041.4676 b_quark 0 4.18 39.471 31.1 -52.416 050.2511
851 b_quark 0 4.18 -14.265 12.155 0 018.7412 b_quark 0 4.18 -17.435 9.945 86.6 020.0719
852 W_boson 1 80.38 -30.627 1.608 0.465 030.6692 W_boson 1 80.38 -6.273 78.792 2.635 079.0413
853 b_quark 0 4.18 -9.455 -7.1 35.084 011.824 b_quark 0 4.18 -21.045 -28.4 36.516 035.3476
854 b_quark 0 4.18 -38.144 -12.584 -11.648 040.1662 b_quark 0 4.18 -21.456 -44.616 -71.552 049.507
855 b_quark 0 4.18 5.797 -3.375 1.536 06.70789 b_quark 0 4.18 28.303 -1.125 17.664 028.3253
856 b_quark 0 4.18 -16.308 -17.279 -10.746 023.7595 b_quark 0 4.18 -28.992 -29.421 -29.054 041.3053
857 W_boson 1 80.38 5.53 -41.79 -16.491 042.1543 W_boson 1 80.38 10.27 -57.71 -55.209 058.6167
858 b_quark 0 4.18 -36.432 -1.112 2.478 036.449 b_quark 0 4.18 -3.168 -54.488 38.822 054.58
859 b_quark 0 4.18 2.793 0.88 4.323 02.92835 b_quark 0 4.18 2.107 7.92 8.777 08.19548
860 b_quark 0 4.18 -20.988 -0.235 0 020.9893 b_quark 0 4.18 -0.212 -23.265 37.2 023.266
861 b_quark 0 4.18 6.534 28.92 39.26 029.6489 b_quark 0 4.18 29.766 67.48 36.24 073.7534
862 b_quark 0 4.18 -79.84 7.824 -3.696 080.2224 b_quark 0 4.18 -19.96 89.976 -27.104 092.1633
863 b_quark 0 4.18 20.336 0.214 19.024 020.3371 b_quark 0 4.18 29.264 21.186 13.776 036.1279
864 b_quark 0 4.18 -21.781 1.647 1.584 021.8432 b_quark 0 4.18 -72.919 1.053 8.316 072.9266
865 b_quark 0 4.18 -7.648 33.39 16.104 034.2547 b_quark 0 4.18 -87.952 14.31 57.096 089.1085
866 b_quark 0 4.18 5.103 -5.907 0.452 07.80598 b_quark 0 4.18 2.997 -11.993 10.848 012.3618
867 b_quark 0 4.18 -24.272 19.575 -19.41 031.1819 b_quark 0 4.18 -34.928 47.925 -45.29 059.3024
868 b_quark 0 4.18 6.895 63 16.905 063.3762 b_quark 0 4.18 91.605 27 56.595 095.5012
869 b_quark 0 4.18 66.816 8.228 0.366 067.3207 b_quark 0 4.18 9.984 66.572 17.934 067.3165
870 W_boson 1 80.38 -55.024 19.849 0.792 058.4946 W_boson 1 80.38 -17.376 66.451 78.408 068.6852
871 b_quark 0 4.18 9 21.359 -2.322 023.1777 b_quark 0 4.18 51 47.541 -1.978 069.7219
872 b_quark 0 4.18 2.66 13.912 49.938 014.164 b_quark 0 4.18 50.54 23.688 36.162 055.8159
873 b_quark 0 4.18 -1.208 15.615 -18.518 015.6617 b_quark 0 4.18 -13.892 19.085 -20.882 023.6056
874 b_quark 0 4.18 16.836 2.198 -0.509 016.9789 b_quark 0 4.18 1.464 29.202 -50.391 029.2387
875 b_quark 0 4.18 -3.828 2.401 -31.104 04.51867 b_quark 0 4.18 -28.072 31.899 -7.296 042.4922
876 b_quark 0 4.18 -37.927 0.837 -0.176 037.9362 b_quark 0 4.18 -1.173 82.863 -8.624 082.8713
877 b_quark 0 4.18 9.036 -0.792 44.736 09.07064 b_quark 0 4.18 66.264 -2.508 25.164 066.3114
878 b_quark 0 4.18 -55.08 -9.416 -4.736 055.879 b_quark 0 4.18 -12.92 -76.184 -54.464 077.2718
879 b_quark 0 4.18 48.312 -16.15 2.133 050.9399 b_quark 0 4.18 18.788 -48.45 68.967 051.9653
880 W_boson 1 80.38 -6.384 -13.547 -2.185 014.9759 W_boson 1 80.38 -2.016 -57.753 -41.515 057.7882
881 b_quark 0 4.18 -7.808 42.276 -5.808 042.991 b_quark 0 4.18 -16.592 39.024 -30.492 042.4048
882 W_boson 1 80.38 24.8 -53.082 0.84 058.5896 W_boson 1 80.38 74.4 -45.218 3.16 087.0634
883 b_quark 0 4.18 11.834 -3.097 -1.52 012.2325 b_quark 0 4.18 7.566 -13.203 -6.08 015.2172
884 W_boson 1 80.38 21.723 46.587 -4.4 051.4027 W_boson 1 80.38 33.977 41.313 -50.6 053.4902
885 W_boson 1 80.38 -29.184 3.609 -22.27 029.4063 W_boson 1 80.38 -22.016 36.491 -43.23 042.618
886 b_quark 0 4.18 57.084 -20.856 7.245 060.7746 b_quark 0 4.18 28.116 -66.044 73.255 071.7797
887 Tau_lepton 0 1.77 0.168 -3.83 -48.389 03.83368 Tau_lepton 0 1.77 0.232 -72.77 -42.911 072.7704
888 W_boson 1 80.38 8.277 25.852 10.166 027.1447 W_boson 1 80.38 18.423 30.348 34.034 035.5022
889 Tau_lepton 0 1.77 -26.418 1.141 54.432 026.4426 Tau_lepton 0 1.77 -44.982 15.159 42.768 047.4676
890 b_quark 0 4.18 20.944 2.534 -3.505 021.0967 b_quark 0 4.18 2.856 33.666 -66.595 033.7869
891 b_quark 0 4.18 51.175 1.359 1.616 051.193 b_quark 0 4.18 6.325 13.741 79.184 015.1268
892 b_quark 0 4.18 21.432 19.61 -10.608 029.0497 b_quark 0 4.18 67.868 33.39 -16.592 075.637
893 b_quark 0 4.18 1.026 17.324 0.544 017.3544 b_quark 0 4.18 1.674 11.076 53.856 011.2018
894 b_quark 0 4.18 0.128 -31.84 -6.832 031.8403 b_quark 0 4.18 0.272 -47.76 -17.568 047.7608
895 b_quark 0 4.18 -15.026 -19.981 -0.175 025.0004 b_quark 0 4.18 -53.274 -17.719 -0.525 056.1434
896 Tau_lepton 0 1.77 -19.008 -9.324 0 021.1717 Tau_lepton 0 1.77 -7.392 -23.976 44.3 025.0896
897 b_quark 0 4.18 42.72 -0.348 4.482 042.7214 b_quark 0 4.18 5.28 -17.052 45.318 017.8507
898 b_quark 0 4.18 -63.18 -4.496 1.458 063.3398 b_quark 0 4.18 -17.82 -23.604 22.842 029.5753
899 b_quark 0 4.18 20.664 -9.828 3.66 022.8821 b_quark 0 4.18 12.136 -26.572 32.94 029.2122
900 Tau_lepton 0 1.77 57.915 -0.74 -11.115 057.9197 Tau_lepton 0 1.77 13.585 -17.76 -62.985 022.36
901 W_boson 1 80.38 38.098 -0.388 7.488 038.1 W_boson 1 80.38 6.202 -38.412 50.112 038.9095
902 b_quark 0 4.18 19.37 17.226 0.67 025.9217 b_quark 0 4.18 10.43 34.974 32.83 036.4961
903 b_quark 0 4.18 -2.214 -15.054 3.952 015.2159 b_quark 0 4.18 -22.386 -4.246 26.448 022.7851
904 b_quark 0 4.18 14.694 -4.816 -0 015.4631 b_quark 0 4.18 1.106 -63.984 -54.3 063.9936
905 b_quark 0 4.18 -40.32 -20.516 4.626 045.2395 b_quark 0 4.18 -43.68 -24.084 72.474 049.8797
906 b_quark 0 4.18 -63.585 3.552 -3.874 063.6841 b_quark 0 4.18 -14.915 55.648 -25.926 057.6121
907 b_quark 0 4.18 -2.313 -22.713 -17.64 022.8305 b_quark 0 4.18 -23.387 -11.187 -55.86 025.9249
908 Z_boson 1 91.18 1.908 -16.548 15.006 016.6576 Z_boson 1 91.18 8.692 -62.252 9.594 062.8559
909 b_quark 0 4.18 -52.224 -4.482 -11.908 052.416 b_quark 0 4.18 -24.576 -70.218 -33.892 074.3945
910 b_quark 0 4.18 -51.072 19.8 -12.42 054.7758 b_quark 0 4.18 -40.128 62.7 -49.68 074.4416
911 b_quark 0 4.18 7.6 -5.529 -30.835 09.3984 b_quark 0 4.18 87.4 -4.171 -57.265 087.4995
912 b_quark 0 4.18 13.825 -3.38 -24.72 014.2322 b_quark 0 4.18 25.675 -64.22 -16.48 069.1622
913 W_boson 1 80.38 -18.32 30.496 -8.372 035.5757 W_boson 1 80.38 -27.48 64.804 -21.528 070.3897
914 b_quark 0 4.18 -17.248 17.316 19.456 024.4405 b_quark 0 4.18 -36.652 30.784 41.344 047.8646
915 b_quark 0 4.18 -13.68 0.29 1.728 013.6831 b_quark 0 4.18 -3.42 14.21 7.872 014.6158
916 b_quark 0 4.18 -79.637 2.52 0 079.6769 b_quark 0 4.18 -2.463 81.48 57.3 081.5172
917 b_quark 0 4.18 -22.446 -4.697 2.24 022.9322 b_quark 0 4.18 -54.954 -62.403 1.26 083.1509
918 W_boson 1 80.38 26.967 -0.175 -2.896 026.9676 W_boson 1 80.38 3.333 -2.325 -69.504 04.06381
919 b_quark 0 4.18 66.483 5.344 0.063 066.6974 b_quark 0 4.18 13.617 61.456 0.637 062.9465
920 b_quark 0 4.18 3.444 -17.192 28.688 017.5336 b_quark 0 4.18 8.856 -44.208 36.512 045.0863
921 b_quark 0 4.18 -3.584 -44.631 4.213 044.7747 b_quark 0 4.18 -7.616 -33.669 34.087 034.5196
922 b_quark 0 4.18 15.4 22.05 3.6 026.8954 b_quark 0 4.18 46.2 40.95 5.4 061.7361
923 b_quark 0 4.18 23.408 -4.404 -1.888 023.8187 b_quark 0 4.18 18.392 -32.296 -4.012 037.1658
924 b_quark 0 4.18 18.343 -1.071 -2.392 018.3742 b_quark 0 4.18 3.757 -10.829 -27.508 011.4622
925 b_quark 0 4.18 -11.172 -4.212 -18.512 011.9396 b_quark 0 4.18 -15.428 -65.988 -17.088 067.7675
926 b_quark 0 4.18 75.33 -6.381 7.86 075.5998 b_quark 0 4.18 17.67 -64.519 70.74 066.8949
927 b_quark 0 4.18 55.44 -0.752 -1.448 055.4451 b_quark 0 4.18 7.56 -18.048 -16.652 019.5674
928 b_quark 0 4.18 11.392 1.534 -5.949 011.4948 b_quark 0 4.18 1.408 75.166 -60.151 075.1792
929 W_boson 1 80.38 8.137 0.756 -3.84 08.17204 W_boson 1 80.38 2.163 11.844 -21.76 012.0399
930 b_quark 0 4.18 -49.714 -13.132 -14.858 051.4192 b_quark 0 4.18 -44.086 -33.768 -63.342 055.5325
931 b_quark 0 4.18 -13.254 3.77 36.56 013.7797 b_quark 0 4.18 -14.946 25.23 54.84 029.3247
932 b_quark 0 4.18 21.084 -3.25 5.538 021.333 b_quark 0 4.18 4.016 -29.25 86.762 029.5244
933 b_quark 0 4.18 -0.781 -1.394 -4.408 01.59787 b_quark 0 4.18 -77.319 -2.006 -3.192 077.345
934 W_boson 1 80.38 -31.845 -12.54 14.325 034.2251 W_boson 1 80.38 -26.055 -29.26 81.175 039.1792
935 b_quark 0 4.18 36.432 -2.592 -5.026 036.5241 b_quark 0 4.18 16.368 -8.208 -66.774 018.3107
936 b_quark 0 4.18 9.225 7.956 -2.376 012.1819 b_quark 0 4.18 27.675 12.444 -4.224 030.344
937 b_quark 0 4.18 -9.02 -0.12 -14.532 09.0208 b_quark 0 4.18 -7.38 -3.88 -20.068 08.33779
938 b_quark 0 4.18 82.44 -5.19 1.832 082.6032 b_quark 0 4.18 9.16 -81.31 43.968 081.8243
939 b_quark 0 4.18 16.056 19.006 21.798 024.8802 b_quark 0 4.18 50.844 36.894 30.102 062.8194
940 b_quark 0 4.18 35.217 4.278 6.266 035.4759 b_quark 0 4.18 46.683 9.522 17.834 047.6442
941 W_boson 1 80.38 -20.325 3.64 -3.381 020.6484 W_boson 1 80.38 -60.975 10.36 -3.519 061.8488
942 b_quark 0 4.18 50.048 2.109 -4.785 050.0924 b_quark 0 4.18 4.352 68.191 -90.915 068.3297
943 b_quark 0 4.18 -20.703 0.526 -28.024 020.7097 b_quark 0 4.18 -10.197 25.774 -62.376 027.7178
944 W_boson 1 80.38 8.342 -0.785 0.47 08.37885 W_boson 1 80.38 0.258 -77.715 23.03 077.7154
945 b_quark 0 4.18 23.82 -15.3 22.609 028.3105 b_quark 0 4.18 15.88 -74.7 75.691 076.3693
946 W_boson 1 80.38 -13.824 6.072 2.016 015.0987 W_boson 1 80.38 -5.376 21.528 31.584 022.1891
947 b_quark 0 4.18 -3.009 -44.352 -7.183 044.454 b_quark 0 4.18 -14.691 -17.248 -58.117 022.6565
948 b_quark 0 4.18 18.699 22.258 -0 029.0701 b_quark 0 4.18 8.401 49.542 -4.2 050.2492
949 b_quark 0 4.18 -19.95 31.043 -10.894 036.9008 b_quark 0 4.18 -19.95 52.857 -72.906 056.4966
950 b_quark 0 4.18 3.844 -44.392 -0.077 044.5581 b_quark 0 4.18 8.556 -27.208 -1.023 028.5216
951 Tau_lepton 0 1.77 17.936 -6.608 11.649 019.1145 Tau_lepton 0 1.77 12.464 -75.992 23.651 077.0074
952 W_boson 1 80.38 13.965 30.576 0.042 033.6142 W_boson 1 80.38 14.535 31.824 2.058 034.9862
953 b_quark 0 4.18 6.168 -41.34 -31.72 041.7976 b_quark 0 4.18 70.932 -38.16 -47.58 080.5452
954 b_quark 0 4.18 4.68 1.534 -7.035 04.92499 b_quark 0 4.18 7.32 4.366 -13.065 08.52317
955 b_quark 0 4.18 -78.85 -0.537 -2.344 078.8518 b_quark 0 4.18 -4.15 -53.163 -56.256 053.3247
956 W_boson 1 80.38 7.347 32.68 -15.652 033.4957 W_boson 1 80.38 16.353 43.32 -44.548 046.3038
957 b_quark 0 4.18 15.142 -0.429 -5.664 015.1481 b_quark 0 4.18 7.458 -42.471 -12.036 043.1208
958 b_quark 0 4.18 -12.887 -29.682 -0 032.3589 b_quark 0 4.18 -13.413 -28.518 -59.4 031.5148
959 b_quark 0 4.18 -2.09 9.18 27.72 09.41491 b_quark 0 4.18 -18.81 6.12 64.68 019.7806
960 b_quark 0 4.18 -44.361 -10.218 15.246 045.5226 b_quark 0 4.18 -39.339 -29.082 57.354 048.9216
961 b_quark 0 4.18 21.315 2.235 7.544 021.4319 b_quark 0 4.18 3.185 42.465 86.756 042.5843
962 Z_boson 1 91.18 4.862 -23.031 44.8 023.5386 Z_boson 1 91.18 23.738 -62.269 35.2 066.6402
963 b_quark 0 4.18 -16.549 -9.83 7.084 019.2483 b_quark 0 4.18 -8.151 -88.47 23.716 088.8447
964 W_boson 1 80.38 -20.292 -19.133 -0.567 027.8897 W_boson 1 80.38 -33.108 -16.967 -5.733 037.2024
965 W_boson 1 80.38 -66.896 -3.772 -1.731 067.0023 W_boson 1 80.38 -23.504 -12.628 -55.969 026.6815
966 Z_boson 1 91.18 -42.581 0.408 -9.063 042.583 Z_boson 1 91.18 -12.719 9.792 -38.637 016.0517
967 b_quark 0 4.18 -19.344 -1.494 25.499 019.4016 b_quark 0 4.18 -30.256 -6.806 33.801 031.012
968 b_quark 0 4.18 5.018 -22.11 -0.872 022.6723 b_quark 0 4.18 14.282 -11.39 -10.028 018.2677
969 b_quark 0 4.18 -6.8 11.328 4.158 013.2123 b_quark 0 4.18 -20.4 6.372 33.642 021.372
970 b_quark 0 4.18 2.41 -54.534 -3.842 054.5872 b_quark 0 4.18 45.79 -34.866 -7.458 057.5531
971 b_quark 0 4.18 -1.17 8.679 -1.424 08.75751 b_quark 0 4.18 -0.63 17.621 -69.776 017.6323
972 b_quark 0 4.18 23.64 -9.2 -2.771 025.3671 b_quark 0 4.18 15.76 -30.8 -13.529 034.5979
973 Tau_lepton 0 1.77 43.911 -0.034 40.279 043.911 Tau_lepton 0 1.77 42.189 -1.666 45.421 042.2219
974 b_quark 0 4.18 28.954 21.099 22.32 035.826 b_quark 0 4.18 64.446 33.001 52.08 072.4041
975 W_boson 1 80.38 5.642 9.694 -13.224 011.2163 W_boson 1 80.38 74.958 3.406 -56.376 075.0353
976 Tau_lepton 0 1.77 -19.662 -4.845 18.8 020.2501 Tau_lepton 0 1.77 -48.138 -4.655 75.2 048.3625
977 W_boson 1 80.38 -2.6 -0 0 02.6 W_boson 1 80.38 0 -75.3 52.1 075.3
978 W_boson 1 80.38 11.196 0.015 57.879 011.196 W_boson 1 80.38 19.904 0.285 40.221 019.906
979 Z_boson 1 91.18 -18.872 14.945 0.981 024.0729 Z_boson 1 91.18 -14.828 27.755 9.919 031.4676
980 b_quark 0 4.18 -40.128 8.487 -6.62 041.0157 b_quark 0 4.18 -30.272 28.413 -26.48 041.5174
981 b_quark 0 4.18 2.457 -13.104 -26.22 013.3324 b_quark 0 4.18 32.643 -7.696 -61.18 033.5379
982 b_quark 0 4.18 10.56 1.306 1.424 010.6405 b_quark 0 4.18 0.44 63.994 69.776 063.9955
983 b_quark 0 4.18 74.682 -1.08 1.648 074.6898 b_quark 0 4.18 17.518 -6.12 39.552 018.5563
984 b_quark 0 4.18 1.56 -14.885 -12.885 014.9665 b_quark 0 4.18 6.24 -8.015 -73.015 010.1576
985 W_boson 1 80.38 36.975 0.715 3 036.9819 W_boson 1 80.38 12.325 70.785 9.5 071.85
986 b_quark 0 4.18 79.294 -0.256 -13.538 079.2944 b_quark 0 4.18 17.406 -6.144 -83.162 018.4585
987 b_quark 0 4.18 -12.096 0.752 7.296 012.1194 b_quark 0 4.18 -4.704 18.048 23.104 018.6509
988 W_boson 1 80.38 28.512 3.186 -5.035 028.6895 W_boson 1 80.38 11.088 32.214 -21.465 034.0688
989 b_quark 0 4.18 16.182 0.66 40.524 016.1955 b_quark 0 4.18 36.018 21.34 20.876 041.8652
990 W_boson 1 80.38 7.767 25.382 3.213 026.5438 W_boson 1 80.38 78.533 8.918 15.687 079.0377
991 Tau_lepton 0 1.77 -5.593 11.328 -49.973 012.6335 Tau_lepton 0 1.77 -27.307 35.872 -34.727 045.083
992 b_quark 0 4.18 -5.025 -3.657 -1.196 06.21484 b_quark 0 4.18 -15.075 -12.243 -1.104 019.4203
993 W_boson 1 80.38 13.665 31.349 -30.21 034.1978 W_boson 1 80.38 77.435 35.351 -49.29 085.1227
994 b_quark 0 4.18 40.992 3.988 1.5 041.1855 b_quark 0 4.18 7.808 95.712 11 096.03
995 b_quark 0 4.18 -58.089 22.241 -6.83 062.2012 b_quark 0 4.18 -28.611 74.459 -61.47 079.7667
996 b_quark 0 4.18 -0.799 -2.024 6.642 02.176 b_quark 0 4.18 -0.901 -2.576 67.158 02.72902
997 b_quark 0 4.18 12.512 -2.772 1.14 012.8154 b_quark 0 4.18 24.288 -7.128 1.86 025.3124
998 b_quark 0 4.18 6.895 16.826 -0.576 018.1839 b_quark 0 4.18 12.805 18.974 -2.624 022.8906
999 b_quark 0 4.18 36.799 28.985 17.64 046.8433 b_quark 0 4.18 38.301 64.515 70.56 075.0277
